0.0000	11.893	0.000	0.00	18.0						
0.0200	11.894	0.001	2.19	18.0						
0.0400	11.894	0.000	4.39	18.0						
0.0600	11.892	-0.001	6.60	18.0						
0.0800	11.892	0.000	8.79	18.0						
0.1000	11.890	-0.001	10.99	18.0						
0.1200	11.888	-0.002	13.19	18.0						
0.1400	11.884	-0.004	15.39	18.0						
0.1600	11.879	-0.005	17.59	18.0						
0.1800	11.872	-0.007	19.79	18.0						
0.2000	11.858	-0.014	22.79	18.0						
0.2200	11.844	-0.014	25.79	18.0						
0.2400	11.835	-0.009	27.99	18.0						
0.2600	11.820	-0.015	30.98	18.0						
0.2800	11.809	-0.011	33.29	18.0						
0.3000	11.792	-0.017	36.89	18.0						
0.3200	11.776	-0.016	39.78	18.0						
0.3400	11.763	-0.014	42.59	18.0						
0.3600	11.745	-0.017	45.78	18.0						
0.3800	11.726	-0.019	49.28	18.0						
0.4000	11.712	-0.015	52.28	18.0						
0.4200	11.691	-0.020	55.97	18.0						
0.4400	11.669	-0.022	60.58	18.0						
0.4600	11.653	-0.016	63.88	18.0						
0.4800	11.631	-0.022	67.57	18.0						
0.5000	11.607	-0.024	72.17	18.0						
0.5200	11.587	-0.020	75.37	18.0						
0.5400	11.555	-0.033	80.67	18.0						
0.5600	11.523	-0.032	86.67	18.0						
0.5800	11.492	-0.031	92.26	18.0						
0.6000	11.454	-0.038	98.56	18.0						
0.6200	11.425	-0.029	104.56	18.0						
0.6400	11.384	-0.041	110.26	18.0						
0.6600	11.324	-0.060	119.96	18.0						
0.6800	11.261	-0.063	129.45	18.0						
0.7000	11.174	-0.087	144.04	18.0						
0.7200	11.030	-0.144	166.44	18.0						
0.7400	10.173	-0.857	266.70	18.0						
0.7600	9.903	-0.270	316.88	18.0						
0.7800	9.828	-0.076	341.97	18.0						
0.8000	9.793	-0.035	354.57	18.0						
0.8200	9.774	-0.019	360.87	18.0						
0.8400	9.763	-0.011	364.07	18.0						
0.8600	9.749	-0.013	367.37	18.0						
0.8800	9.704	-0.045	375.86	18.0						
0.9000	9.676	-0.028	380.46	18.0						
0.9200	9.652	-0.024	384.56	18.0						
0.9400	9.615	-0.037	390.46	18.0						
0.9600	9.590	-0.026	395.26	18.0						
0.9800	9.566	-0.024	399.55	18.0						
1.0000	9.540	-0.026	403.75	18.0						
1.0200	9.520	-0.019	407.26	18.0						
1.0400	9.498	-0.022	411.05	18.0						
1.0600	9.482	-0.017	414.15	18.0						
1.0800	9.461	-0.020	417.75	18.0						
1.1000	9.447	-0.014	420.55	18.0						
1.1200	9.428	-0.019	424.14	18.0						
1.1400	9.418	-0.010	426.45	18.0						
1.1600	9.403	-0.015	429.24	18.0						
1.1800	9.392	-0.011	431.44	18.0						
1.2000	9.377	-0.015	434.25	18.0						
1.2200	9.363	-0.014	437.04	18.0						
1.2400	9.352	-0.012	439.74	18.0						
1.2600	9.343	-0.009	441.94	18.0						
1.2800	9.332	-0.010	444.14	18.0						
1.3000	9.323	-0.010	446.34	18.0						
1.3200	9.312	-0.010	448.54	18.0						
1.3400	9.303	-0.009	450.74	18.0						
1.3600	9.294	-0.009	452.93	18.0						
1.3800	9.285	-0.009	455.13	18.0						
1.4000	9.276	-0.008	457.34	18.0						
1.4200	9.268	-0.008	459.53	18.0						
1.4400	9.261	-0.008	461.73	18.0						
1.4600	9.253	-0.007	463.93	18.0						
1.4800	9.246	-0.008	466.13	18.0						
1.5000	9.239	-0.007	468.33	18.0						
1.5200	9.232	-0.007	470.53	18.0						
1.5400	9.225	-0.007	472.73	18.0						
1.5600	9.218	-0.007	474.93	18.0						
1.5800	9.212	-0.006	477.13	18.0						
1.6000	9.206	-0.006	479.32	18.0						
1.6200	9.200	-0.006	481.52	18.0						
1.6400	9.194	-0.005	483.73	18.0						
1.6600	9.188	-0.006	485.92	18.0						
1.6800	9.183	-0.005	488.12	18.0						
1.7000	9.177	-0.005	490.33	18.0						
1.7200	9.172	-0.006	492.52	18.0						
1.7400	9.167	-0.005	494.72	18.0						
1.7600	9.162	-0.005	496.92	18.0						
1.7800	9.157	-0.005	499.12	18.0						
1.8000	9.152	-0.005	501.32	18.0						
1.8200	9.147	-0.005	503.52	18.0						
1.8400	9.142	-0.005	505.72	18.0						
1.8600	9.138	-0.005	507.91	18.0						
1.8800	9.134	-0.004	510.12	18.0						
1.9000	9.129	-0.005	512.31	18.0						
1.9200	9.125	-0.004	514.51	18.0						
1.9400	9.121	-0.004	516.72	18.0						
1.9600	9.116	-0.004	518.91	18.0						
1.9800	9.112	-0.004	521.11	18.0						
2.0000	9.108	-0.004	523.31	18.0						
2.0200	9.104	-0.004	525.51	18.0						
2.0400	9.100	-0.004	527.71	18.0						
2.0600	9.096	-0.004	529.91	18.0						
2.0800	9.092	-0.004	532.11	18.0						
2.1000	9.089	-0.003	534.31	18.0						
2.1200	9.085	-0.004	536.51	18.0						
2.1400	9.082	-0.003	538.70	18.0						
2.1600	9.079	-0.003	540.90	18.0						
2.1800	9.075	-0.004	543.11	18.0						
2.2000	9.071	-0.003	545.30	18.0						
2.2200	9.068	-0.004	547.50	18.0						
2.2400	9.065	-0.003	549.70	18.0						
2.2600	9.062	-0.003	551.90	18.0						
2.2800	9.057	-0.004	554.10	18.0						
2.3000	9.055	-0.002	556.30	18.0						
2.3200	9.052	-0.004	558.50	18.0						
2.3400	9.049	-0.003	560.70	18.0						
2.3600	9.046	-0.003	562.90	18.0						
2.3800	9.043	-0.003	565.09	18.0						
2.4000	9.040	-0.004	567.29	18.0						
2.4200	9.037	-0.003	569.50	18.0						
2.4400	9.034	-0.003	571.69	18.0						
2.4600	9.031	-0.003	573.89	18.0						
2.4800	9.029	-0.003	576.10	18.0						
2.5000	9.026	-0.003	578.29	18.0						
2.5200	9.023	-0.002	580.49	18.0						
2.5400	9.020	-0.003	582.69	18.0						
2.5600	9.018	-0.003	584.89	18.0						
2.5800	9.015	-0.003	587.09	18.0						
2.6000	9.012	-0.002	589.29	18.0						
2.6200	9.010	-0.003	591.48	18.0						
2.6400	9.007	-0.003	593.68	18.0						
2.6600	9.005	-0.002	595.89	18.0						
2.6800	9.002	-0.002	598.08	18.0						
2.7000	9.000	-0.002	600.28	18.0						
2.7200	8.997	-0.003	602.49	18.0						
2.7400	8.995	-0.002	604.68	18.0						
2.7600	8.993	-0.002	606.88	18.0						
2.7800	8.990	-0.002	609.08	18.0						
2.8000	8.988	-0.002	611.28	18.0						
2.8200	8.985	-0.003	613.48	18.0						
2.8400	8.983	-0.002	615.68	18.0						
2.8600	8.981	-0.002	617.88	18.0						
2.8800	8.979	-0.002	620.07	18.0						
2.9000	8.976	-0.003	622.28	18.0						
2.9200	8.974	-0.002	624.47	18.0						
2.9400	8.972	-0.002	626.67	18.0						
2.9600	8.970	-0.003	628.88	18.0						
2.9800	8.968	-0.002	631.07	18.0						
3.0000	8.965	-0.002	633.27	18.0						
3.0200	8.963	-0.002	635.47	18.0						
3.0400	8.961	-0.002	637.67	18.0						
3.0600	8.959	-0.002	639.87	18.0						
3.0800	8.957	-0.002	642.07	18.0						
3.1000	8.955	-0.002	644.27	18.0						
3.1200	8.953	-0.002	646.47	18.0						
3.1400	8.951	-0.002	648.67	18.0						
3.1600	8.949	-0.002	650.86	18.0						
3.1800	8.947	-0.002	653.06	18.0						
3.2000	8.945	-0.002	655.27	18.0						
3.2200	8.943	-0.002	657.46	18.0						
3.2400	8.941	-0.002	659.66	18.0						
3.2600	8.939	-0.002	661.86	18.0						
3.2800	8.937	-0.002	664.06	18.0						
3.3000	8.936	-0.002	666.26	18.0						
3.3200	8.934	-0.002	668.46	18.0						
3.3400	8.932	-0.002	670.66	18.0						
3.3600	8.930	-0.002	672.86	18.0						
3.3800	8.928	-0.002	675.06	18.0						
3.4000	8.927	-0.002	677.25	18.0						
3.4200	8.925	-0.002	679.45	18.0						
3.4400	8.923	-0.002	681.66	18.0						
3.4600	8.921	-0.002	683.85	18.0						
3.4800	8.920	-0.001	686.05	18.0						
3.5000	8.918	-0.002	688.26	18.0						
3.5200	8.916	-0.002	690.45	18.0						
3.5400	8.914	-0.002	692.65	18.0						
3.5600	8.913	-0.001	694.85	18.0						
3.5800	8.911	-0.002	697.05	18.0						
3.6000	8.909	-0.002	699.25	18.0						
3.6200	8.908	-0.002	701.45	18.0						
3.6400	8.906	-0.001	703.64	18.0						
3.6600	8.905	-0.002	705.84	18.0						
3.6800	8.903	-0.001	708.05	18.0						
3.7000	8.902	-0.002	710.24	18.0						
3.7200	8.900	-0.002	712.44	18.0						
3.7400	8.898	-0.002	714.65	18.0						
3.7600	8.897	-0.002	716.84	18.0						
3.7800	8.895	-0.002	719.04	18.0						
3.8000	8.894	-0.001	721.24	18.0						
3.8200	8.892	-0.002	723.44	18.0						
3.8400	8.891	-0.002	725.64	18.0						
3.8600	8.889	-0.002	727.84	18.0						
3.8800	8.888	-0.001	730.04	18.0						
3.9000	8.886	-0.002	732.23	18.0						
3.9200	8.884	-0.001	734.44	18.0						
3.9400	8.883	-0.002	736.63	18.0						
3.9600	8.882	-0.001	738.83	18.0						
3.9800	8.880	-0.001	741.04	18.0						
4.0000	8.879	-0.002	743.23	18.0						
4.0200	8.877	-0.001	745.43	18.0						
4.0400	8.876	-0.001	747.63	18.0						
4.0600	8.875	-0.001	749.83	18.0						
4.0800	8.873	-0.001	752.03	18.0						
4.1000	8.872	-0.001	754.23	18.0						
4.1200	8.870	-0.001	756.43	18.0						
4.1400	8.869	-0.001	758.63	18.0						
4.1600	8.867	-0.001	760.83	18.0						
4.1800	8.866	-0.001	763.02	18.0						
4.2000	8.865	-0.001	765.22	18.0						
4.2200	8.863	-0.002	767.43	18.0						
4.2400	8.862	-0.001	769.62	18.0						
4.2600	8.861	-0.001	771.82	18.0						
4.2800	8.859	-0.001	774.02	18.0						
4.3000	8.858	-0.001	776.22	18.0						
4.3200	8.857	-0.001	778.42	18.0						
4.3400	8.855	-0.001	780.62	18.0						
4.3600	8.854	-0.002	782.82	18.0						
4.3800	8.853	-0.001	785.12	18.0						
4.4000	8.851	-0.001	787.32	18.0						
4.4200	8.850	-0.001	789.51	18.0						
4.4400	8.849	-0.001	791.72	18.0						
4.4600	8.848	-0.001	793.91	18.0						
4.4800	8.846	-0.001	796.11	18.0						
4.5000	8.845	-0.001	798.32	18.0						
4.5200	8.844	-0.001	800.51	18.0						
4.5400	8.843	-0.001	802.71	18.0						
4.5600	8.842	-0.001	804.91	18.0						
4.5800	8.840	-0.001	807.11	18.0						
4.6000	8.839	-0.001	809.31	18.0						
4.6200	8.838	-0.001	811.51	18.0						
4.6400	8.837	-0.001	813.71	18.0						
4.6600	8.836	-0.001	815.90	18.0						
4.6800	8.835	-0.001	818.11	18.0						
4.7000	8.833	-0.001	820.30	18.0						
4.7200	8.832	-0.001	822.50	18.0						
4.7400	8.831	-0.001	824.71	18.0						
4.7600	8.830	-0.001	826.90	18.0						
4.7800	8.829	-0.001	829.10	18.0						
4.8000	8.827	-0.002	831.30	18.0						
4.8200	8.826	-0.001	833.50	18.0						
4.8400	8.825	-0.001	835.70	18.0						
4.8600	8.824	-0.001	837.90	18.0						
4.8800	8.823	-0.001	840.10	18.0						
4.9000	8.822	-0.001	842.30	18.0						
4.9200	8.820	-0.001	844.50	18.0						
4.9400	8.819	-0.001	846.69	18.0						
4.9600	8.818	-0.001	848.89	18.0						
4.9800	8.817	-0.001	851.10	18.0						
5.0000	8.816	-0.001	853.29	18.0						
5.0200	8.815	-0.001	855.49	18.0						
5.0400	8.814	-0.001	857.69	18.0						
5.0600	8.813	-0.001	859.89	18.0						
5.0800	8.812	-0.001	862.09	18.0						
5.1000	8.811	-0.001	864.29	18.0						
5.1200	8.809	-0.001	866.49	18.0						
5.1400	8.809	-0.001	868.69	18.0						
5.1600	8.808	-0.001	870.89	18.0						
5.1800	8.806	-0.002	873.08	18.0						
5.2000	8.805	-0.001	875.28	18.0						
5.2200	8.805	-0.001	877.49	18.0						
5.2400	8.803	-0.001	879.78	18.0						
5.2600	8.802	-0.001	881.99	18.0						
5.2800	8.801	-0.001	884.18	18.0						
5.3000	8.801	-0.001	886.38	18.0						
5.3200	8.799	-0.001	888.58	18.0						
5.3400	8.798	-0.001	890.78	18.0						
5.3600	8.797	-0.001	892.98	18.0						
5.3800	8.796	-0.001	895.18	18.0						
5.4000	8.795	-0.001	897.38	18.0						
5.4200	8.794	-0.001	899.58	18.0						
5.4400	8.793	-0.001	901.78	18.0						
5.4600	8.792	-0.001	903.97	18.0						
5.4800	8.791	-0.001	906.17	18.0						
5.5000	8.790	-0.001	908.38	18.0						
5.5200	8.789	-0.001	910.57	18.0						
5.5400	8.788	-0.001	912.77	18.0						
5.5600	8.787	-0.001	914.97	18.0						
5.5800	8.786	-0.001	917.17	18.0						
5.6000	8.785	-0.001	919.37	18.0						
5.6200	8.785	-0.001	921.57	18.0						
5.6400	8.784	-0.001	923.77	18.0						
5.6600	8.783	-0.001	925.97	18.0						
5.6800	8.781	-0.001	928.17	18.0						
5.7000	8.781	-0.001	930.36	18.0						
5.7200	8.780	-0.001	932.56	18.0						
5.7400	8.779	-0.001	934.77	18.0						
5.7600	8.778	-0.001	936.96	18.0						
5.7800	8.777	-0.001	939.16	18.0						
5.8000	8.776	-0.001	941.36	18.0						
5.8200	8.775	-0.001	943.56	18.0						
5.8400	8.774	-0.001	945.76	18.0						
5.8600	8.773	-0.001	947.96	18.0						
5.8800	8.773	-0.001	950.16	18.0						
5.9000	8.772	-0.001	952.36	18.0						
5.9200	8.771	-0.001	954.56	18.0						
5.9400	8.770	-0.001	956.75	18.0						
5.9600	8.769	-0.001	959.06	18.0						
5.9800	8.768	-0.001	961.26	18.0						
6.0000	8.767	-0.001	963.56	18.0						
6.0200	8.766	-0.001	965.75	18.0						
6.0400	8.765	-0.001	967.95	18.0						
6.0600	8.764	-0.001	970.15	18.0						
6.0800	8.764	-0.001	972.35	18.0						
6.1000	8.763	-0.001	974.55	18.0						
6.1200	8.762	-0.001	976.75	18.0						
6.1400	8.761	-0.001	978.95	18.0						
6.1600	8.760	-0.001	981.15	18.0						
6.1800	8.759	-0.001	983.35	18.0						
6.2000	8.759	-0.001	985.54	18.0						
6.2200	8.758	-0.001	987.74	18.0						
6.2400	8.757	-0.001	989.95	18.0						
6.2600	8.756	-0.001	992.14	18.0						
6.2800	8.755	-0.001	994.34	18.0						
6.3000	8.754	-0.001	996.55	18.0						
6.3200	8.753	-0.001	998.74	18.0						
6.3400	8.753	-0.001	1000.94	18.0						
6.3600	8.752	-0.001	1003.14	18.0						
6.3800	8.751	-0.001	1005.34	18.0						
6.4000	8.750	-0.001	1007.54	18.0						
6.4200	8.749	-0.001	1009.74	18.0						
6.4400	8.749	-0.001	1011.93	18.0						
6.4600	8.748	-0.001	1014.13	18.0						
6.4800	8.747	-0.001	1016.34	18.0						
6.5000	8.746	-0.001	1018.53	18.0						
6.5200	8.745	-0.001	1020.73	18.0						
6.5400	8.745	-0.001	1022.94	18.0						
6.5600	8.744	-0.001	1025.13	18.0						
6.5800	8.743	-0.001	1027.33	18.0						
6.6000	8.742	-0.001	1029.53	18.0						
6.6200	8.741	-0.001	1031.73	18.0						
6.6400	8.741	0.000	1033.93	18.0						
6.6600	8.740	-0.001	1036.13	18.0						
6.6800	8.739	-0.001	1038.33	18.0						
6.7000	8.738	-0.001	1040.52	18.0						
6.7200	8.737	-0.001	1042.73	18.0						
6.7400	8.737	0.000	1044.92	18.0						
6.7600	8.736	-0.001	1047.12	18.0						
6.7800	8.735	-0.001	1049.42	18.0						
6.8000	8.734	-0.001	1051.62	18.0						
6.8200	8.734	-0.001	1053.82	18.0						
6.8400	8.733	-0.001	1056.02	18.0						
6.8600	8.732	-0.001	1058.22	18.0						
6.8800	8.731	-0.001	1060.42	18.0						
6.9000	8.731	-0.001	1062.62	18.0						
6.9200	8.730	-0.001	1064.82	18.0						
6.9400	8.729	-0.001	1067.02	18.0						
6.9600	8.728	-0.001	1069.21	18.0						
6.9800	8.727	-0.001	1071.41	18.0						
7.0000	8.727	-0.001	1073.62	18.0						
7.0200	8.726	-0.001	1075.81	18.0						
7.0400	8.725	-0.001	1078.01	18.0						
7.0600	8.724	-0.001	1080.22	18.0						
7.0800	8.724	-0.001	1082.41	18.0						
7.1000	8.723	0.000	1084.61	18.0						
7.1200	8.722	-0.001	1086.81	18.0						
7.1400	8.721	-0.001	1089.01	18.0						
7.1600	8.721	0.000	1091.31	18.0						
7.1800	8.720	-0.001	1093.51	18.0						
7.2000	8.720	-0.001	1095.71	18.0						
7.2200	8.719	-0.001	1097.92	18.0						
7.2400	8.718	-0.001	1100.10	18.0						
7.2600	8.717	-0.001	1102.30	18.0						
7.2800	8.717	-0.001	1104.51	18.0						
7.3000	8.716	-0.001	1106.70	18.0						
7.3200	8.715	0.000	1108.90	18.0						
7.3400	8.715	-0.001	1111.10	18.0						
7.3600	8.714	-0.001	1113.40	18.0						
7.3800	8.713	-0.001	1115.60	18.0						
7.4000	8.713	0.000	1117.80	18.0						
7.4200	8.711	-0.001	1120.00	18.0						
7.4400	8.711	0.000	1122.20	18.0						
7.4600	8.710	-0.001	1124.39	18.0						
7.4800	8.709	-0.001	1126.59	18.0						
7.5000	8.709	-0.001	1128.80	18.0						
7.5200	8.708	0.000	1130.99	18.0						
7.5400	8.708	-0.001	1133.19	18.0						
7.5600	8.707	-0.001	1135.40	18.0						
7.5800	8.706	-0.001	1137.59	18.0						
7.6000	8.706	0.000	1139.79	18.0						
7.6200	8.705	-0.001	1141.99	18.0						
7.6400	8.705	0.000	1144.19	18.0						
7.6600	8.704	-0.001	1146.39	18.0						
7.6800	8.703	-0.001	1148.59	18.0						
7.7000	8.702	0.000	1150.79	18.0						
7.7200	8.702	-0.001	1152.98	18.0						
7.7400	8.701	-0.001	1155.19	18.0						
7.7600	8.700	0.000	1157.38	18.0						
7.7800	8.700	-0.001	1159.58	18.0						
7.8000	8.699	-0.001	1161.79	18.0						
7.8200	8.698	-0.001	1163.98	18.0						
7.8400	8.697	-0.001	1166.18	18.0						
7.8600	8.697	0.000	1168.38	18.0						
7.8800	8.696	-0.001	1170.58	18.0						
7.9000	8.695	-0.001	1172.78	18.0						
7.9200	8.695	0.000	1174.98	18.0						
7.9400	8.694	-0.001	1177.18	18.0						
7.9600	8.694	-0.001	1179.38	18.0						
7.9800	8.693	-0.001	1181.58	18.0						
8.0000	8.692	-0.001	1183.77	18.0						
8.0200	8.692	0.000	1185.97	18.0						
8.0400	8.691	0.000	1188.18	18.0						
8.0600	8.690	-0.001	1190.37	18.0						
8.0800	8.690	0.000	1192.57	18.0						
8.1000	8.689	-0.001	1194.77	18.0						
8.1200	8.689	-0.001	1196.97	18.0						
8.1400	8.688	-0.001	1199.17	18.0						
8.1600	8.688	0.000	1201.37	18.0						
8.1800	8.687	-0.001	1203.57	18.0						
8.2000	8.686	-0.001	1205.77	18.0						
8.2200	8.686	0.000	1207.97	18.0						
8.2400	8.685	-0.001	1210.16	18.0						
8.2600	8.684	0.000	1212.36	18.0						
8.2800	8.684	-0.001	1214.57	18.0						
8.3000	8.683	-0.001	1216.76	18.0						
8.3200	8.683	-0.001	1218.96	18.0						
8.3400	8.682	-0.001	1221.17	18.0						
8.3600	8.681	-0.001	1223.46	18.0						
8.3800	8.681	-0.001	1225.66	18.0						
8.4000	8.680	-0.001	1227.86	18.0						
8.4200	8.680	0.000	1230.06	18.0						
8.4400	8.679	0.000	1232.26	18.0						
8.4600	8.678	-0.001	1234.46	18.0						
8.4800	8.678	-0.001	1236.65	18.0						
8.5000	8.677	-0.001	1238.86	18.0						
8.5200	8.676	-0.001	1241.05	18.0						
8.5400	8.676	0.000	1243.25	18.0						
8.5600	8.676	0.000	1245.46	18.0						
8.5800	8.675	-0.001	1247.65	18.0						
8.6000	8.674	0.000	1249.85	18.0						
8.6200	8.674	-0.001	1252.05	18.0						
8.6400	8.673	-0.001	1254.25	18.0						
8.6600	8.672	-0.001	1256.55	18.0						
8.6800	8.672	0.000	1258.75	18.0						
8.7000	8.671	-0.001	1260.95	18.0						
8.7200	8.671	0.000	1263.15	18.0						
8.7400	8.670	-0.001	1265.34	18.0						
8.7600	8.669	-0.001	1267.54	18.0						
8.7800	8.669	-0.001	1269.75	18.0						
8.8000	8.668	-0.001	1271.94	18.0						
8.8200	8.668	0.000	1274.14	18.0						
8.8400	8.667	-0.001	1276.34	18.0						
8.8600	8.666	-0.001	1278.54	18.0						
8.8800	8.666	-0.001	1280.74	18.0						
8.9000	8.665	0.000	1282.94	18.0						
8.9200	8.665	0.000	1285.14	18.0						
8.9400	8.664	-0.001	1287.34	18.0						
8.9600	8.664	-0.001	1289.54	18.0						
8.9800	8.663	0.000	1291.73	18.0						
9.0000	8.662	-0.001	1293.93	18.0						
9.0200	8.662	0.000	1296.14	18.0						
9.0400	8.662	-0.001	1298.33	18.0						
9.0600	8.661	-0.001	1300.53	18.0						
9.0800	8.660	0.000	1302.74	18.0						
9.1000	8.660	-0.001	1304.93	18.0						
9.1200	8.659	-0.001	1307.13	18.0						
9.1400	8.659	-0.001	1309.33	18.0						
9.1600	8.658	-0.001	1311.53	18.0						
9.1800	8.658	0.000	1313.73	18.0						
9.2000	8.657	-0.001	1315.93	18.0						
9.2200	8.657	0.000	1318.13	18.0						
9.2400	8.656	0.000	1320.32	18.0						
9.2600	8.655	-0.001	1322.53	18.0						
9.2800	8.655	0.000	1324.72	18.0						
9.3000	8.654	-0.001	1326.92	18.0						
9.3200	8.654	0.000	1329.13	18.0						
9.3400	8.653	-0.001	1331.32	18.0						
9.3600	8.653	0.000	1333.62	18.0						
9.3800	8.652	-0.001	1335.82	18.0						
9.4000	8.652	0.000	1338.02	18.0						
9.4200	8.651	-0.001	1340.22	18.0						
9.4400	8.651	-0.001	1342.42	18.0						
9.4600	8.650	-0.001	1344.62	18.0						
9.4800	8.649	-0.001	1346.92	18.0						
9.5000	8.649	0.000	1349.12	18.0						
9.5200	8.649	0.000	1351.32	18.0						
9.5400	8.648	-0.001	1353.51	18.0						
9.5600	8.647	-0.001	1355.71	18.0						
9.5800	8.647	0.000	1357.92	18.0						
9.6000	8.646	-0.001	1360.11	18.0						
9.6200	8.646	0.000	1362.31	18.0						
9.6400	8.645	0.000	1364.51	18.0						
9.6600	8.645	-0.001	1366.71	18.0						
9.6800	8.644	-0.001	1368.91	18.0						
9.7000	8.644	0.000	1371.11	18.0						
9.7200	8.643	-0.001	1373.31	18.0						
9.7400	8.643	-0.001	1375.50	18.0						
9.7600	8.642	0.000	1377.71	18.0						
9.7800	8.642	-0.001	1379.90	18.0						
9.8000	8.641	-0.001	1382.10	18.0						
9.8200	8.641	0.000	1384.31	18.0						
9.8400	8.640	-0.001	1386.50	18.0						
9.8600	8.640	0.000	1388.70	18.0						
9.8800	8.639	-0.001	1390.90	18.0						
9.9000	8.639	0.000	1393.10	18.0						
9.9200	8.638	-0.001	1395.30	18.0						
9.9400	8.637	0.000	1397.50	18.0						
9.9600	8.637	-0.001	1399.70	18.0						
9.9800	8.637	0.000	1401.90	18.0						
10.0000	8.636	0.000	1404.10	18.0						
10.0200	8.636	0.000	1406.29	18.0						
10.0400	8.635	0.000	1408.49	18.0						
10.0600	8.634	-0.001	1410.70	18.0						
10.0800	8.634	-0.001	1412.89	18.0						
10.1000	8.633	-0.001	1415.09	18.0						
10.1200	8.633	0.000	1417.29	18.0						
10.1400	8.633	0.000	1419.59	18.0						
10.1600	8.632	0.000	1421.79	18.0						
10.1800	8.632	-0.001	1423.99	18.0						
10.2000	8.631	-0.001	1426.19	18.0						
10.2200	8.630	0.000	1428.39	18.0						
10.2400	8.630	-0.001	1430.59	18.0						
10.2600	8.629	0.000	1432.89	18.0						
10.2800	8.629	0.000	1435.08	18.0						
10.3000	8.629	-0.001	1437.28	18.0						
10.3200	8.628	0.000	1439.49	18.0						
10.3400	8.628	-0.001	1441.68	18.0						
10.3600	8.627	0.000	1443.88	18.0						
10.3800	8.627	-0.001	1446.08	18.0						
10.4000	8.626	0.000	1448.38	18.0						
10.4200	8.626	0.000	1450.58	18.0						
10.4400	8.625	0.000	1452.78	18.0						
10.4600	8.625	0.000	1454.98	18.0						
10.4800	8.624	-0.001	1457.18	18.0						
10.5000	8.624	0.000	1459.38	18.0						
10.5200	8.623	-0.001	1461.57	18.0						
10.5400	8.623	0.000	1463.78	18.0						
10.5600	8.623	0.000	1465.97	18.0						
10.5800	8.622	-0.001	1468.17	18.0						
10.6000	8.621	0.000	1470.38	18.0						
10.6200	8.621	0.000	1472.57	18.0						
10.6400	8.621	0.000	1474.77	18.0						
10.6600	8.620	-0.001	1476.97	18.0						
10.6800	8.619	-0.001	1479.17	18.0						
10.7000	8.619	0.000	1481.37	18.0						
10.7200	8.618	-0.001	1483.57	18.0						
10.7400	8.618	-0.001	1485.77	18.0						
10.7600	8.618	0.000	1487.96	18.0						
10.7800	8.617	0.000	1490.17	18.0						
10.8000	8.617	-0.001	1492.36	18.0						
10.8200	8.616	0.000	1494.56	18.0						
10.8400	8.616	-0.001	1496.77	18.0						
10.8600	8.615	0.000	1498.96	18.0						
10.8800	8.615	0.000	1501.16	18.0						
10.9000	8.614	0.000	1503.36	18.0						
10.9200	8.614	-0.001	1505.56	18.0						
10.9400	8.613	-0.001	1507.86	18.0						
10.9600	8.613	0.000	1510.06	18.0						
10.9800	8.612	0.000	1512.36	18.0						
11.0000	8.612	0.000	1514.56	18.0						
11.0200	8.612	-0.001	1516.75	18.0						
11.0400	8.611	0.000	1518.96	18.0						
11.0600	8.610	-0.001	1521.25	18.0						
11.0800	8.610	0.000	1523.46	18.0						
11.1000	8.610	-0.001	1525.75	18.0						
11.1200	8.609	0.000	1527.96	18.0						
11.1400	8.609	0.000	1530.15	18.0						
11.1600	8.608	-0.001	1532.35	18.0						
11.1800	8.608	0.000	1534.65	18.0						
11.2000	8.608	-0.001	1536.85	18.0						
11.2200	8.607	0.000	1539.15	18.0						
11.2400	8.607	0.000	1541.35	18.0						
11.2600	8.606	-0.001	1543.55	18.0						
11.2800	8.606	0.000	1545.74	18.0						
11.3000	8.605	-0.001	1547.94	18.0						
11.3200	8.605	0.000	1550.15	18.0						
11.3400	8.604	0.000	1552.44	18.0						
11.3600	8.604	-0.001	1554.65	18.0						
11.3800	8.604	0.000	1556.84	18.0						
11.4000	8.603	-0.001	1559.04	18.0						
11.4200	8.603	0.000	1561.24	18.0						
11.4400	8.602	0.000	1563.44	18.0						
11.4600	8.602	-0.001	1565.64	18.0						
11.4800	8.601	-0.001	1567.84	18.0						
11.5000	8.601	0.000	1570.04	18.0						
11.5200	8.600	-0.001	1572.23	18.0						
11.5400	8.600	0.000	1574.44	18.0						
11.5600	8.600	0.000	1576.63	18.0						
11.5800	8.599	-0.001	1578.83	18.0						
11.6000	8.598	-0.001	1581.04	18.0						
11.6200	8.599	0.000	1583.23	18.0						
11.6400	8.598	0.000	1585.43	18.0						
11.6600	8.598	0.000	1587.73	18.0						
11.6800	8.597	-0.001	1589.93	18.0						
11.7000	8.597	-0.001	1592.13	18.0						
11.7200	8.596	0.000	1594.33	18.0						
11.7400	8.596	0.000	1596.53	18.0						
11.7600	8.596	0.000	1598.73	18.0						
11.7800	8.595	-0.001	1600.92	18.0						
11.8000	8.595	0.000	1603.12	18.0						
11.8200	8.594	-0.001	1605.33	18.0						
11.8400	8.594	0.000	1607.52	18.0						
11.8600	8.593	0.000	1609.72	18.0						
11.8800	8.593	-0.001	1611.93	18.0						
11.9000	8.592	0.000	1614.22	18.0						
11.9200	8.592	0.000	1616.43	18.0						
11.9400	8.591	0.000	1618.62	18.0						
11.9600	8.591	-0.001	1620.82	18.0						
11.9800	8.591	0.000	1623.02	18.0						
12.0000	8.590	0.000	1625.22	18.0						
12.0200	8.590	0.000	1627.41	18.0						
12.0400	8.589	0.000	1629.62	18.0						
12.0600	8.589	-0.001	1631.81	18.0						
12.0800	8.588	0.000	1634.01	18.0						
12.1000	8.588	0.000	1636.22	18.0						
12.1200	8.588	0.000	1638.41	18.0						
12.1400	8.587	0.000	1640.61	18.0						
12.1600	8.587	0.000	1642.81	18.0						
12.1800	8.586	-0.001	1645.01	18.0						
12.2000	8.586	0.000	1647.21	18.0						
12.2200	8.586	-0.001	1649.41	18.0						
12.2400	8.585	0.000	1651.61	18.0						
12.2600	8.585	-0.001	1653.81	18.0						
12.2800	8.584	0.000	1656.01	18.0						
12.3000	8.584	0.000	1658.20	18.0						
12.3200	8.583	-0.001	1660.40	18.0						
12.3400	8.583	-0.001	1662.61	18.0						
12.3600	8.583	0.000	1664.80	18.0						
12.3800	8.582	-0.001	1667.00	18.0						
12.4000	8.582	0.000	1669.20	18.0						
12.4200	8.582	0.000	1671.40	18.0						
12.4400	8.581	0.000	1673.60	18.0						
12.4600	8.581	0.000	1675.80	18.0						
12.4800	8.580	0.000	1678.00	18.0						
12.5000	8.580	0.000	1680.20	18.0						
12.5200	8.580	0.000	1682.40	18.0						
12.5400	8.579	0.000	1684.59	18.0						
12.5600	8.579	0.000	1686.79	18.0						
12.5800	8.578	-0.001	1689.00	18.0						
12.6000	8.578	-0.001	1691.19	18.0						
12.6200	8.578	0.000	1693.39	18.0						
12.6400	8.577	0.000	1695.59	18.0						
12.6600	8.577	-0.001	1697.79	18.0						
12.6800	8.576	0.000	1699.99	18.0						
12.7000	8.576	0.000	1702.19	18.0						
12.7200	8.576	-0.001	1704.39	18.0						
12.7400	8.575	0.000	1706.59	18.0						
12.7600	8.575	0.000	1708.79	18.0						
12.7800	8.574	0.000	1710.98	18.0						
12.8000	8.574	0.000	1713.18	18.0						
12.8200	8.574	0.000	1715.39	18.0						
12.8400	8.573	0.000	1717.58	18.0						
12.8600	8.573	-0.001	1719.78	18.0						
12.8800	8.572	0.000	1721.99	18.0						
12.9000	8.572	-0.001	1724.18	18.0						
12.9200	8.571	0.000	1726.38	18.0						
12.9400	8.572	0.000	1728.58	18.0						
12.9600	8.571	-0.001	1730.78	18.0						
12.9800	8.570	-0.001	1732.98	18.0						
13.0000	8.570	0.000	1735.28	18.0						
13.0200	8.570	0.000	1737.48	18.0						
13.0400	8.570	0.000	1739.68	18.0						
13.0600	8.569	-0.001	1741.97	18.0						
13.0800	8.569	0.000	1744.18	18.0						
13.1000	8.568	0.000	1746.47	18.0						
13.1200	8.568	0.000	1748.68	18.0						
13.1400	8.568	0.000	1750.87	18.0						
13.1600	8.567	0.000	1753.07	18.0						
13.1800	8.567	0.000	1755.27	18.0						
13.2000	8.567	0.000	1757.47	18.0						
13.2200	8.566	0.000	1759.67	18.0						
13.2400	8.566	0.000	1761.87	18.0						
13.2600	8.565	0.000	1764.07	18.0						
13.2800	8.565	0.000	1766.27	18.0						
13.3000	8.565	-0.001	1768.47	18.0						
13.3200	8.564	0.000	1770.76	18.0						
13.3400	8.564	0.000	1772.97	18.0						
13.3600	8.564	-0.001	1775.16	18.0						
13.3800	8.563	0.000	1777.36	18.0						
13.4000	8.563	-0.001	1779.56	18.0						
13.4200	8.563	0.000	1781.76	18.0						
13.4400	8.562	0.000	1783.96	18.0						
13.4600	8.562	-0.001	1786.16	18.0						
13.4800	8.561	0.000	1788.36	18.0						
13.5000	8.561	0.000	1790.56	18.0						
13.5200	8.561	0.000	1792.76	18.0						
13.5400	8.560	0.000	1794.95	18.0						
13.5600	8.560	0.000	1797.15	18.0						
13.5800	8.559	0.000	1799.36	18.0						
13.6000	8.559	0.000	1801.55	18.0						
13.6200	8.559	0.000	1803.75	18.0						
13.6400	8.558	0.000	1806.05	18.0						
13.6600	8.558	0.000	1808.25	18.0						
13.6800	8.558	-0.001	1810.45	18.0						
13.7000	8.557	0.000	1812.65	18.0						
13.7200	8.557	0.000	1814.85	18.0						
13.7400	8.557	0.000	1817.05	18.0						
13.7600	8.556	0.000	1819.25	18.0						
13.7800	8.556	0.000	1821.45	18.0						
13.8000	8.555	0.000	1823.74	18.0						
13.8200	8.555	0.000	1825.94	18.0						
13.8400	8.555	0.000	1828.15	18.0						
13.8600	8.554	-0.001	1830.34	18.0						
13.8800	8.554	0.000	1832.54	18.0						
13.9000	8.553	-0.001	1834.75	18.0						
13.9200	8.553	0.000	1837.04	18.0						
13.9400	8.552	0.000	1839.25	18.0						
13.9600	8.552	0.000	1841.54	18.0						
13.9800	8.552	0.000	1843.74	18.0						
14.0000	8.552	0.000	1845.94	18.0						
14.0200	8.551	0.000	1848.14	18.0						
14.0400	8.551	-0.001	1850.34	18.0						
14.0600	8.551	0.000	1852.63	18.0						
14.0800	8.550	0.000	1854.84	18.0						
14.1000	8.550	0.000	1857.03	18.0						
14.1200	8.550	0.000	1859.23	18.0						
14.1400	8.549	-0.001	1861.44	18.0						
14.1600	8.549	0.000	1863.63	18.0						
14.1800	8.549	0.000	1865.83	18.0						
14.2000	8.548	0.000	1868.03	18.0						
14.2200	8.548	-0.001	1870.23	18.0						
14.2400	8.547	0.000	1872.43	18.0						
14.2600	8.547	0.000	1874.63	18.0						
14.2800	8.547	0.000	1876.83	18.0						
14.3000	8.546	-0.001	1879.02	18.0						
14.3200	8.546	0.000	1881.23	18.0						
14.3400	8.546	-0.001	1883.42	18.0						
14.3600	8.545	0.000	1885.62	18.0						
14.3800	8.545	-0.001	1887.83	18.0						
14.4000	8.544	0.000	1890.02	18.0						
14.4200	8.544	0.000	1892.22	18.0						
14.4400	8.544	0.000	1894.42	18.0						
14.4600	8.543	-0.001	1896.62	18.0						
14.4800	8.543	0.000	1898.92	18.0						
14.5000	8.543	0.000	1901.12	18.0						
14.5200	8.542	-0.001	1903.32	18.0						
14.5400	8.542	0.000	1905.52	18.0						
14.5600	8.542	0.000	1907.71	18.0						
14.5800	8.542	0.000	1909.91	18.0						
14.6000	8.541	-0.001	1912.12	18.0						
14.6200	8.541	0.000	1914.31	18.0						
14.6400	8.540	0.000	1916.51	18.0						
14.6600	8.540	-0.001	1918.71	18.0						
14.6800	8.539	0.000	1920.91	18.0						
14.7000	8.539	0.000	1923.11	18.0						
14.7200	8.539	0.000	1925.31	18.0						
14.7400	8.539	0.000	1927.61	18.0						
14.7600	8.538	0.000	1929.81	18.0						
14.7800	8.538	0.000	1932.01	18.0						
14.8000	8.538	0.000	1934.20	18.0						
14.8200	8.537	0.000	1936.41	18.0						
14.8400	8.537	0.000	1938.60	18.0						
14.8600	8.536	0.000	1940.80	18.0						
14.8800	8.536	0.000	1943.01	18.0						
14.9000	8.536	0.000	1945.20	18.0						
14.9200	8.535	0.000	1947.40	18.0						
14.9400	8.535	0.000	1949.60	18.0						
14.9600	8.535	0.000	1951.80	18.0						
14.9800	8.534	0.000	1954.00	18.0						
15.0000	8.534	0.000	1956.20	18.0						
15.0200	8.534	0.000	1958.40	18.0						
15.0400	8.534	0.000	1960.60	18.0						
15.0600	8.533	0.000	1962.80	18.0						
15.0800	8.533	0.000	1964.99	18.0						
15.1000	8.533	0.000	1967.19	18.0						
15.1200	8.532	0.000	1969.40	18.0						
15.1400	8.532	0.000	1971.59	18.0						
15.1600	8.532	0.000	1973.79	18.0						
15.1800	8.531	-0.001	1976.09	18.0						
15.2000	8.531	-0.001	1978.29	18.0						
15.2200	8.531	0.000	1980.59	18.0						
15.2400	8.530	-0.001	1982.79	18.0						
15.2600	8.530	0.000	1984.99	18.0						
15.2800	8.530	0.000	1987.19	18.0						
15.3000	8.529	0.000	1989.39	18.0						
15.3200	8.529	-0.001	1991.59	18.0						
15.3400	8.529	0.000	1993.78	18.0						
15.3600	8.528	-0.001	1995.98	18.0						
15.3800	8.528	0.000	1998.19	18.0						
15.4000	8.527	0.000	2000.38	18.0						
15.4200	8.527	0.000	2002.58	18.0						
15.4400	8.527	0.000	2004.78	18.0						
15.4600	8.527	0.000	2006.98	18.0						
15.4800	8.526	0.000	2009.18	18.0						
15.5000	8.526	-0.001	2011.38	18.0						
15.5200	8.525	0.000	2013.58	18.0						
15.5400	8.525	0.000	2015.78	18.0						
15.5600	8.525	0.000	2017.98	18.0						
15.5800	8.525	0.000	2020.17	18.0						
15.6000	8.524	-0.001	2022.37	18.0						
15.6200	8.524	0.000	2024.58	18.0						
15.6400	8.523	0.000	2026.77	18.0						
15.6600	8.523	0.000	2028.97	18.0						
15.6800	8.523	0.000	2031.17	18.0						
15.7000	8.523	0.000	2033.47	18.0						
15.7200	8.522	-0.001	2035.67	18.0						
15.7400	8.522	0.000	2037.87	18.0						
15.7600	8.521	0.000	2040.07	18.0						
15.7800	8.521	-0.001	2042.37	18.0						
15.8000	8.521	0.000	2044.57	18.0						
15.8200	8.521	-0.001	2046.86	18.0						
15.8400	8.520	0.000	2049.06	18.0						
15.8600	8.520	0.000	2051.27	18.0						
15.8800	8.520	0.000	2053.46	18.0						
15.9000	8.519	0.000	2055.66	18.0						
15.9200	8.519	-0.001	2057.86	18.0						
15.9400	8.519	0.000	2060.06	18.0						
15.9600	8.518	0.000	2062.26	18.0						
15.9800	8.518	-0.001	2064.46	18.0						
16.0000	8.518	0.000	2066.66	18.0						
16.0200	8.518	0.000	2068.86	18.0						
16.0400	8.517	0.000	2071.06	18.0						
16.0600	8.517	0.000	2073.25	18.0						
16.0800	8.517	-0.001	2075.45	18.0						
16.1000	8.516	0.000	2077.66	18.0						
16.1200	8.516	0.000	2079.85	18.0						
16.1400	8.515	0.000	2082.05	18.0						
16.1600	8.515	0.000	2084.26	18.0						
16.1800	8.515	0.000	2086.45	18.0						
16.2000	8.515	0.000	2088.65	18.0						
16.2200	8.514	0.000	2090.85	18.0						
16.2400	8.514	0.000	2093.05	18.0						
16.2600	8.513	-0.001	2095.25	18.0						
16.2800	8.513	0.000	2097.45	18.0						
16.3000	8.513	0.000	2099.65	18.0						
16.3200	8.512	-0.001	2101.84	18.0						
16.3400	8.512	0.000	2104.05	18.0						
16.3600	8.512	0.000	2106.24	18.0						
16.3800	8.512	0.000	2108.44	18.0						
16.4000	8.511	-0.001	2110.65	18.0						
16.4200	8.511	0.000	2112.84	18.0						
16.4400	8.511	0.000	2115.04	18.0						
16.4600	8.510	0.000	2117.34	18.0						
16.4800	8.510	-0.001	2119.54	18.0						
16.5000	8.509	0.000	2121.74	18.0						
16.5200	8.509	0.000	2123.94	18.0						
16.5400	8.509	0.000	2126.14	18.0						
16.5600	8.509	0.000	2128.43	18.0						
16.5800	8.508	0.000	2130.64	18.0						
16.6000	8.508	-0.001	2132.84	18.0						
16.6200	8.508	0.000	2135.03	18.0						
16.6400	8.508	0.000	2137.23	18.0						
16.6600	8.507	0.000	2139.44	18.0						
16.6800	8.506	-0.001	2141.63	18.0						
16.7000	8.506	0.000	2143.83	18.0						
16.7200	8.506	0.000	2146.03	18.0						
16.7400	8.506	0.000	2148.23	18.0						
16.7600	8.505	0.000	2150.43	18.0						
16.7800	8.505	0.000	2152.63	18.0						
16.8000	8.505	0.000	2154.83	18.0						
16.8200	8.504	-0.001	2157.02	18.0						
16.8400	8.504	0.000	2159.23	18.0						
16.8600	8.504	0.000	2161.42	18.0						
16.8800	8.504	0.000	2163.62	18.0						
16.9000	8.503	0.000	2165.92	18.0						
16.9200	8.503	-0.001	2168.12	18.0						
16.9400	8.502	0.000	2170.32	18.0						
16.9600	8.502	0.000	2172.52	18.0						
16.9800	8.502	0.000	2174.72	18.0						
17.0000	8.501	-0.001	2176.92	18.0						
17.0200	8.501	0.000	2179.12	18.0						
17.0400	8.501	0.000	2181.32	18.0						
17.0600	8.501	0.000	2183.52	18.0						
17.0800	8.500	-0.001	2185.71	18.0						
17.1000	8.500	0.000	2187.91	18.0						
17.1200	8.500	0.000	2190.12	18.0						
17.1400	8.500	0.000	2192.31	18.0						
17.1600	8.499	0.000	2194.51	18.0						
17.1800	8.499	0.000	2196.72	18.0						
17.2000	8.499	0.000	2198.91	18.0						
17.2200	8.498	-0.001	2201.11	18.0						
17.2400	8.498	0.000	2203.31	18.0						
17.2600	8.498	0.000	2205.51	18.0						
17.2800	8.498	0.000	2207.71	18.0						
17.3000	8.497	-0.001	2209.91	18.0						
17.3200	8.497	0.000	2212.10	18.0						
17.3400	8.496	0.000	2214.30	18.0						
17.3600	8.496	0.000	2216.51	18.0						
17.3800	8.496	0.000	2218.70	18.0						
17.4000	8.496	0.000	2220.90	18.0						
17.4200	8.495	-0.001	2223.11	18.0						
17.4400	8.495	0.000	2225.30	18.0						
17.4600	8.495	0.000	2227.50	18.0						
17.4800	8.494	-0.001	2229.70	18.0						
17.5000	8.494	0.000	2231.90	18.0						
17.5200	8.494	0.000	2234.10	18.0						
17.5400	8.493	0.000	2236.30	18.0						
17.5600	8.493	0.000	2238.50	18.0						
17.5800	8.493	0.000	2240.69	18.0						
17.6000	8.493	0.000	2242.90	18.0						
17.6200	8.492	0.000	2245.09	18.0						
17.6400	8.492	0.000	2247.29	18.0						
17.6600	8.491	0.000	2249.50	18.0						
17.6800	8.491	0.000	2251.69	18.0						
17.7000	8.491	0.000	2253.89	18.0						
17.7200	8.491	0.000	2256.19	18.0						
17.7400	8.491	0.000	2258.39	18.0						
17.7600	8.490	-0.001	2260.59	18.0						
17.7800	8.490	0.000	2262.89	18.0						
17.8000	8.490	0.000	2265.09	18.0						
17.8200	8.490	0.000	2267.28	18.0						
17.8400	8.489	0.000	2269.48	18.0						
17.8600	8.489	0.000	2271.69	18.0						
17.8800	8.488	-0.001	2273.88	18.0						
17.9000	8.488	0.000	2276.28	18.0						
17.9200	8.488	0.000	2278.48	18.0						
17.9400	8.488	0.000	2280.68	18.0						
17.9600	8.487	0.000	2282.88	18.0						
17.9800	8.487	0.000	2285.08	18.0						
18.0000	8.487	0.000	2287.28	18.0						
18.0200	8.487	0.000	2289.48	18.0						
18.0400	8.486	0.000	2291.68	18.0						
18.0600	8.486	0.000	2293.88	18.0						
18.0800	8.486	-0.001	2296.17	18.0						
18.1000	8.486	0.000	2298.38	18.0						
18.1200	8.485	0.000	2300.57	18.0						
18.1400	8.485	0.000	2302.77	18.0						
18.1600	8.485	0.000	2305.07	18.0						
18.1800	8.484	0.000	2307.27	18.0						
18.2000	8.484	0.000	2309.47	18.0						
18.2200	8.484	0.000	2311.67	18.0						
18.2400	8.484	0.000	2313.97	18.0						
18.2600	8.483	0.000	2316.17	18.0						
18.2800	8.483	0.000	2318.47	18.0						
18.3000	8.483	-0.001	2320.67	18.0						
18.3200	8.482	0.000	2322.87	18.0						
18.3400	8.482	0.000	2325.07	18.0						
18.3600	8.481	0.000	2327.26	18.0						
18.3800	8.481	0.000	2329.46	18.0						
18.4000	8.481	0.000	2331.67	18.0						
18.4200	8.481	0.000	2333.86	18.0						
18.4400	8.481	0.000	2336.06	18.0						
18.4600	8.480	0.000	2338.26	18.0						
18.4800	8.480	0.000	2340.46	18.0						
18.5000	8.479	0.000	2342.66	18.0						
18.5200	8.479	0.000	2344.86	18.0						
18.5400	8.479	-0.001	2347.06	18.0						
18.5600	8.479	0.000	2349.36	18.0						
18.5800	8.478	0.000	2351.56	18.0						
18.6000	8.478	0.000	2353.75	18.0						
18.6200	8.478	0.000	2355.96	18.0						
18.6400	8.477	0.000	2358.15	18.0						
18.6600	8.477	0.000	2360.35	18.0						
18.6800	8.477	0.000	2362.56	18.0						
18.7000	8.477	-0.001	2364.75	18.0						
18.7200	8.476	0.000	2366.95	18.0						
18.7400	8.476	-0.001	2369.15	18.0						
18.7600	8.476	0.000	2371.35	18.0						
18.7800	8.476	0.000	2373.55	18.0						
18.8000	8.475	0.000	2375.75	18.0						
18.8200	8.475	0.000	2377.95	18.0						
18.8400	8.475	0.000	2380.14	18.0						
18.8600	8.474	-0.001	2382.35	18.0						
18.8800	8.474	0.000	2384.64	18.0						
18.9000	8.474	0.000	2386.85	18.0						
18.9200	8.473	0.000	2389.04	18.0						
18.9400	8.473	0.000	2391.24	18.0						
18.9600	8.473	0.000	2393.44	18.0						
18.9800	8.473	0.000	2395.64	18.0						
19.0000	8.473	0.000	2397.94	18.0						
19.0200	8.472	-0.001	2400.14	18.0						
19.0400	8.472	0.000	2402.34	18.0						
19.0600	8.472	-0.001	2404.54	18.0						
19.0800	8.471	0.000	2406.73	18.0						
19.1000	8.471	0.000	2408.93	18.0						
19.1200	8.471	0.000	2411.14	18.0						
19.1400	8.471	0.000	2413.33	18.0						
19.1600	8.470	0.000	2415.53	18.0						
19.1800	8.470	-0.001	2417.74	18.0						
19.2000	8.469	0.000	2419.93	18.0						
19.2200	8.469	0.000	2422.13	18.0						
19.2400	8.469	-0.001	2424.33	18.0						
19.2600	8.468	0.000	2426.53	18.0						
19.2800	8.468	0.000	2428.73	18.0						
19.3000	8.468	0.000	2430.93	18.0						
19.3200	8.468	0.000	2433.13	18.0						
19.3400	8.467	0.000	2435.32	18.0						
19.3600	8.467	0.000	2437.53	18.0						
19.3800	8.467	0.000	2439.72	18.0						
19.4000	8.467	0.000	2441.92	18.0						
19.4200	8.467	0.000	2444.13	18.0						
19.4400	8.466	0.000	2446.32	18.0						
19.4600	8.466	0.000	2448.52	18.0						
19.4800	8.466	-0.001	2450.72	18.0						
19.5000	8.465	-0.001	2453.02	18.0						
19.5200	8.465	0.000	2455.22	18.0						
19.5400	8.465	0.000	2457.42	18.0						
19.5600	8.464	0.000	2459.62	18.0						
19.5800	8.464	0.000	2461.92	18.0						
19.6000	8.464	0.000	2464.12	18.0						
19.6200	8.464	0.000	2466.32	18.0						
19.6400	8.463	0.000	2468.51	18.0						
19.6600	8.463	0.000	2470.71	18.0						
19.6800	8.463	0.000	2472.92	18.0						
19.7000	8.462	0.000	2475.11	18.0						
19.7200	8.462	0.000	2477.31	18.0						
19.7400	8.462	0.000	2479.51	18.0						
19.7600	8.462	0.000	2481.81	18.0						
19.7800	8.462	0.000	2484.01	18.0						
19.8000	8.461	-0.001	2486.21	18.0						
19.8200	8.461	0.000	2488.41	18.0						
19.8400	8.460	-0.001	2490.61	18.0						
19.8600	8.460	0.000	2492.80	18.0						
19.8800	8.460	0.000	2495.11	18.0						
19.9000	8.460	0.000	2497.40	18.0						
19.9200	8.460	0.000	2499.61	18.0						
19.9400	8.460	0.000	2501.80	18.0						
19.9600	8.459	0.000	2504.00	18.0						
19.9800	8.458	-0.001	2506.20	18.0						
20.0000	8.458	0.000	2508.50	18.0						
20.0200	8.465	0.006	2531.89	18.0						
20.0400	8.465	0.000	2534.09	18.0						
20.0600	8.465	0.001	2536.39	18.0						
20.0800	8.465	0.000	2538.59	18.0						
20.1000	8.465	-0.001	2540.79	18.0						
20.1200	8.465	0.000	2542.99	18.0						
20.1400	8.463	-0.001	2545.19	18.0						
20.1600	8.463	-0.001	2547.38	18.0						
20.1800	8.461	-0.002	2549.58	18.0						
20.2000	8.461	-0.001	2551.79	18.0						
20.2200	8.459	-0.001	2553.98	18.0						
20.2400	8.459	-0.001	2556.18	18.0						
20.2600	8.458	0.000	2558.48	18.0						
20.2800	8.458	-0.001	2560.68	18.0						
20.3000	8.457	0.000	2562.88	18.0						
20.3200	8.457	0.000	2565.08	18.0						
20.3400	8.456	-0.001	2567.28	18.0						
20.3600	8.455	-0.001	2569.48	18.0						
20.3800	8.455	0.000	2571.68	18.0						
20.4000	8.455	0.000	2573.87	18.0						
20.4200	8.455	0.000	2576.08	18.0						
20.4400	8.455	0.000	2578.28	18.0						
20.4600	8.454	-0.001	2580.47	18.0						
20.4800	8.453	-0.001	2582.68	18.0						
20.5000	8.453	0.000	2584.87	18.0						
20.5200	8.453	0.000	2587.17	18.0						
20.5400	8.453	0.000	2589.37	18.0						
20.5600	8.452	-0.001	2591.57	18.0						
20.5800	8.452	0.000	2593.87	18.0						
20.6000	8.452	0.000	2596.07	18.0						
20.6200	8.451	-0.001	2598.27	18.0						
20.6400	8.451	0.000	2600.47	18.0						
20.6600	8.451	0.000	2602.66	18.0						
20.6800	8.450	0.000	2604.87	18.0						
20.7000	8.450	0.000	2607.16	18.0						
20.7200	8.450	0.000	2609.37	18.0						
20.7400	8.450	0.000	2611.56	18.0						
20.7600	8.449	0.000	2613.76	18.0						
20.7800	8.449	-0.001	2615.96	18.0						
20.8000	8.449	0.000	2618.16	18.0						
20.8200	8.449	0.000	2620.46	18.0						
20.8400	8.448	-0.001	2622.66	18.0						
20.8600	8.448	0.000	2624.86	18.0						
20.8800	8.448	-0.001	2627.06	18.0						
20.9000	8.447	0.000	2629.25	18.0						
20.9200	8.447	0.000	2631.45	18.0						
20.9400	8.447	0.000	2633.75	18.0						
20.9600	8.447	0.000	2635.95	18.0						
20.9800	8.446	0.000	2638.16	18.0						
21.0000	8.446	0.000	2640.35	18.0						
21.0200	8.446	0.000	2642.65	18.0						
21.0400	8.446	0.000	2644.85	18.0						
21.0600	8.445	0.000	2647.15	18.0						
21.0800	8.445	0.000	2649.35	18.0						
21.1000	8.445	0.000	2651.55	18.0						
21.1200	8.444	0.000	2653.75	18.0						
21.1400	8.444	0.000	2655.95	18.0						
21.1600	8.444	0.000	2658.14	18.0						
21.1800	8.443	-0.001	2660.35	18.0						
21.2000	8.443	0.000	2662.54	18.0						
21.2200	8.443	0.000	2664.74	18.0						
21.2400	8.442	0.000	2666.95	18.0						
21.2600	8.442	0.000	2669.14	18.0						
21.2800	8.442	0.000	2671.34	18.0						
21.3000	8.442	-0.001	2673.54	18.0						
21.3200	8.441	0.000	2675.74	18.0						
21.3400	8.441	0.000	2677.94	18.0						
21.3600	8.441	-0.001	2680.14	18.0						
21.3800	8.440	0.000	2682.34	18.0						
21.4000	8.441	0.000	2684.53	18.0						
21.4200	8.441	0.000	2686.74	18.0						
21.4400	8.440	-0.001	2688.93	18.0						
21.4600	8.441	0.001	2691.13	18.0						
21.4800	8.443	0.002	2693.34	18.0						
21.5000	8.445	0.002	2695.53	18.0						
21.5200	8.446	0.001	2697.73	18.0						
21.5400	8.447	0.001	2699.93	18.0						
21.5600	8.448	0.001	2702.13	18.0						
21.5800	8.449	0.001	2704.33	18.0						
21.6000	8.449	0.001	2706.53	18.0						
21.6200	8.450	0.001	2708.73	18.0						
21.6400	8.451	0.001	2710.93	18.0						
21.6600	8.451	0.001	2713.13	18.0						
21.6800	8.451	0.000	2715.32	18.0						
21.7000	8.452	0.000	2717.52	18.0						
21.7200	8.452	0.000	2719.82	18.0						
21.7400	8.452	0.000	2722.02	18.0						
21.7600	8.453	0.000	2724.23	18.0						
21.7800	8.453	0.000	2726.42	18.0						
21.8000	8.453	0.000	2728.62	18.0						
21.8200	8.453	0.000	2730.82	18.0						
21.8400	8.454	0.000	2733.02	18.0						
21.8600	8.454	0.000	2735.32	18.0						
21.8800	8.454	0.000	2737.62	18.0						
21.9000	8.453	-0.001	2739.82	18.0						
21.9200	8.451	-0.002	2742.01	18.0						
21.9400	8.449	-0.003	2744.21	18.0						
21.9600	8.446	-0.002	2746.42	18.0						
21.9800	8.445	-0.001	2748.61	18.0						
22.0000	8.444	-0.001	2750.81	18.0						
22.0200	8.443	-0.001	2753.02	18.0						
22.0400	8.442	-0.001	2755.21	18.0						
22.0600	8.441	-0.001	2757.41	18.0						
22.0800	8.440	0.000	2759.61	18.0						
22.1000	8.440	-0.001	2761.81	18.0						
22.1200	8.439	-0.001	2764.01	18.0						
22.1400	8.439	0.000	2766.21	18.0						
22.1600	8.438	-0.001	2768.40	18.0						
22.1800	8.438	-0.001	2770.60	18.0						
22.2000	8.437	-0.001	2772.81	18.0						
22.2200	8.436	-0.001	2775.00	18.0						
22.2400	8.435	-0.001	2777.20	18.0						
22.2600	8.435	0.000	2779.41	18.0						
22.2800	8.435	0.000	2781.60	18.0						
22.3000	8.434	0.000	2783.80	18.0						
22.3200	8.434	0.000	2786.00	18.0						
22.3400	8.434	0.000	2788.20	18.0						
22.3600	8.433	-0.001	2790.40	18.0						
22.3800	8.433	-0.001	2792.60	18.0						
22.4000	8.432	0.000	2794.80	18.0						
22.4200	8.432	0.000	2796.99	18.0						
22.4400	8.432	0.000	2799.20	18.0						
22.4600	8.432	0.000	2801.39	18.0						
22.4800	8.432	0.000	2803.59	18.0						
22.5000	8.431	-0.001	2805.80	18.0						
22.5200	8.431	0.000	2807.99	18.0						
22.5400	8.431	0.000	2810.19	18.0						
22.5600	8.430	0.000	2812.39	18.0						
22.5800	8.430	0.000	2814.59	18.0						
22.6000	8.429	-0.001	2816.79	18.0						
22.6200	8.430	0.000	2818.99	18.0						
22.6400	8.429	0.000	2821.19	18.0						
22.6600	8.429	0.000	2823.38	18.0						
22.6800	8.428	0.000	2825.59	18.0						
22.7000	8.428	0.000	2827.78	18.0						
22.7200	8.428	0.000	2829.98	18.0						
22.7400	8.428	0.000	2832.19	18.0						
22.7600	8.428	0.000	2834.38	18.0						
22.7800	8.427	0.000	2836.58	18.0						
22.8000	8.427	0.000	2838.78	18.0						
22.8200	8.426	-0.001	2840.98	18.0						
22.8400	8.426	0.000	2843.28	18.0						
22.8600	8.426	0.000	2845.48	18.0						
22.8800	8.426	0.000	2847.68	18.0						
22.9000	8.426	0.000	2849.88	18.0						
22.9200	8.426	0.000	2852.07	18.0						
22.9400	8.425	-0.001	2854.27	18.0						
22.9600	8.425	0.000	2856.48	18.0						
22.9800	8.424	-0.001	2858.67	18.0						
23.0000	8.424	0.000	2860.87	18.0						
23.0200	8.424	0.000	2863.08	18.0						
23.0400	8.424	0.000	2865.27	18.0						
23.0600	8.423	0.000	2867.47	18.0						
23.0800	8.423	0.000	2869.67	18.0						
23.1000	8.422	-0.001	2871.87	18.0						
23.1200	8.423	0.000	2874.07	18.0						
23.1400	8.422	0.000	2876.27	18.0						
23.1600	8.422	0.000	2878.47	18.0						
23.1800	8.422	0.000	2880.66	18.0						
23.2000	8.421	-0.001	2882.87	18.0						
23.2200	8.421	0.000	2885.06	18.0						
23.2400	8.421	0.000	2887.26	18.0						
23.2600	8.421	0.000	2889.47	18.0						
23.2800	8.420	-0.001	2891.66	18.0						
23.3000	8.420	0.000	2893.86	18.0						
23.3200	8.419	-0.001	2896.06	18.0						
23.3400	8.419	0.000	2898.26	18.0						
23.3600	8.419	0.000	2900.46	18.0						
23.3800	8.418	0.000	2902.66	18.0						
23.4000	8.418	0.000	2904.86	18.0						
23.4200	8.418	0.000	2907.05	18.0						
23.4400	8.418	0.000	2909.26	18.0						
23.4600	8.418	0.000	2911.45	18.0						
23.4800	8.418	-0.001	2913.76	18.0						
23.5000	8.418	0.000	2915.95	18.0						
23.5200	8.417	0.000	2918.15	18.0						
23.5400	8.416	-0.001	2920.35	18.0						
23.5600	8.416	0.000	2922.55	18.0						
23.5800	8.416	0.000	2924.75	18.0						
23.6000	8.416	0.000	2926.95	18.0						
23.6200	8.416	0.000	2929.15	18.0						
23.6400	8.415	0.000	2931.35	18.0						
23.6600	8.415	0.000	2933.55	18.0						
23.6800	8.414	0.000	2935.74	18.0						
23.7000	8.414	0.000	2937.94	18.0						
23.7200	8.414	0.000	2940.15	18.0						
23.7400	8.414	0.000	2942.34	18.0						
23.7600	8.414	0.000	2944.54	18.0						
23.7800	8.413	0.000	2946.84	18.0						
23.8000	8.413	0.000	2949.04	18.0						
23.8200	8.413	0.000	2951.24	18.0						
23.8400	8.413	0.000	2953.44	18.0						
23.8600	8.413	0.000	2955.64	18.0						
23.8800	8.412	-0.001	2957.84	18.0						
23.9000	8.412	0.000	2960.04	18.0						
23.9200	8.411	0.000	2962.23	18.0						
23.9400	8.411	0.000	2964.44	18.0						
23.9600	8.411	0.000	2966.63	18.0						
23.9800	8.411	0.000	2968.83	18.0						
24.0000	8.411	-0.001	2971.04	18.0						
24.0200	8.411	0.000	2973.23	18.0						
24.0400	8.411	0.000	2975.43	18.0						
24.0600	8.410	-0.001	2977.63	18.0						
24.0800	8.410	0.000	2979.83	18.0						
24.1000	8.409	-0.001	2982.03	18.0						
24.1200	8.409	0.000	2984.23	18.0						
24.1400	8.409	0.000	2986.43	18.0						
24.1600	8.408	-0.001	2988.63	18.0						
24.1800	8.408	0.000	2990.83	18.0						
24.2000	8.407	0.000	2993.02	18.0						
24.2200	8.407	0.000	2995.22	18.0						
24.2400	8.407	0.000	2997.43	18.0						
24.2600	8.407	0.000	2999.62	18.0						
24.2800	8.407	0.000	3001.82	18.0						
24.3000	8.406	0.000	3004.02	18.0						
24.3200	8.406	0.000	3006.22	18.0						
24.3400	8.405	0.000	3008.42	18.0						
24.3600	8.405	0.000	3010.62	18.0						
24.3800	8.405	0.000	3012.82	18.0						
24.4000	8.405	0.000	3015.02	18.0						
24.4200	8.404	-0.001	3017.22	18.0						
24.4400	8.404	0.000	3019.41	18.0						
24.4600	8.404	0.000	3021.61	18.0						
24.4800	8.404	0.000	3023.82	18.0						
24.5000	8.403	-0.001	3026.01	18.0						
24.5200	8.403	0.000	3028.21	18.0						
24.5400	8.403	0.000	3030.41	18.0						
24.5600	8.402	-0.001	3032.61	18.0						
24.5800	8.402	0.000	3034.81	18.0						
24.6000	8.402	0.000	3037.01	18.0						
24.6200	8.402	0.000	3039.21	18.0						
24.6400	8.402	0.000	3041.41	18.0						
24.6600	8.402	-0.001	3043.61	18.0						
24.6800	8.402	0.000	3045.80	18.0						
24.7000	8.401	0.000	3048.11	18.0						
24.7200	8.401	0.000	3050.30	18.0						
24.7400	8.401	0.000	3052.50	18.0						
24.7600	8.400	-0.001	3054.71	18.0						
24.7800	8.399	0.000	3056.90	18.0						
24.8000	8.399	0.000	3059.10	18.0						
24.8200	8.399	0.000	3061.40	18.0						
24.8400	8.399	0.000	3063.60	18.0						
24.8600	8.399	0.000	3065.80	18.0						
24.8800	8.399	0.000	3068.00	18.0						
24.9000	8.398	0.000	3070.20	18.0						
24.9200	8.398	0.000	3072.40	18.0						
24.9400	8.398	0.000	3074.59	18.0						
24.9600	8.397	0.000	3076.79	18.0						
24.9800	8.397	0.000	3079.00	18.0						
25.0000	8.397	0.000	3081.19	18.0						
25.0200	8.396	0.000	3083.39	18.0						
25.0400	8.397	0.000	3085.59	18.0						
25.0600	8.396	-0.001	3087.79	18.0						
25.0800	8.395	-0.001	3089.99	18.0						
25.1000	8.395	0.000	3092.19	18.0						
25.1200	8.395	0.000	3094.39	18.0						
25.1400	8.395	0.000	3096.59	18.0						
25.1600	8.395	-0.001	3098.79	18.0						
25.1800	8.394	-0.001	3100.98	18.0						
25.2000	8.394	0.000	3103.18	18.0						
25.2200	8.394	0.000	3105.39	18.0						
25.2400	8.394	0.000	3107.58	18.0						
25.2600	8.393	0.000	3109.78	18.0						
25.2800	8.393	0.000	3111.99	18.0						
25.3000	8.393	0.000	3114.18	18.0						
25.3200	8.393	0.000	3116.38	18.0						
25.3400	8.393	0.000	3118.58	18.0						
25.3600	8.392	-0.001	3120.78	18.0						
25.3800	8.392	-0.001	3122.98	18.0						
25.4000	8.391	0.000	3125.18	18.0						
25.4200	8.392	0.000	3127.38	18.0						
25.4400	8.391	-0.001	3129.57	18.0						
25.4600	8.391	0.000	3131.78	18.0						
25.4800	8.391	0.000	3134.07	18.0						
25.5000	8.391	0.000	3136.28	18.0						
25.5200	8.390	0.000	3138.47	18.0						
25.5400	8.390	-0.001	3140.67	18.0						
25.5600	8.390	0.000	3142.87	18.0						
25.5800	8.390	0.000	3145.07	18.0						
25.6000	8.390	0.000	3147.27	18.0						
25.6200	8.390	-0.001	3149.47	18.0						
25.6400	8.389	-0.001	3151.67	18.0						
25.6600	8.389	0.000	3153.87	18.0						
25.6800	8.388	-0.001	3156.07	18.0						
25.7000	8.388	0.000	3158.26	18.0						
25.7200	8.388	0.000	3160.46	18.0						
25.7400	8.387	-0.001	3162.67	18.0						
25.7600	8.387	-0.001	3164.86	18.0						
25.7800	8.387	0.000	3167.06	18.0						
25.8000	8.387	0.000	3169.26	18.0						
25.8200	8.387	0.000	3171.46	18.0						
25.8400	8.386	-0.001	3173.66	18.0						
25.8600	8.386	-0.001	3175.86	18.0						
25.8800	8.385	0.000	3178.06	18.0						
25.9000	8.385	0.000	3180.26	18.0						
25.9200	8.384	-0.001	3182.46	18.0						
25.9400	8.384	0.000	3184.65	18.0						
25.9600	8.384	-0.001	3186.85	18.0						
25.9800	8.384	0.000	3189.06	18.0						
26.0000	8.384	0.000	3191.25	18.0						
26.0200	8.384	0.000	3193.45	18.0						
26.0400	8.383	-0.001	3195.65	18.0						
26.0600	8.383	0.000	3197.85	18.0						
26.0800	8.383	0.000	3200.05	18.0						
26.1000	8.382	-0.001	3202.25	18.0						
26.1200	8.382	-0.001	3204.45	18.0						
26.1400	8.381	0.000	3206.65	18.0						
26.1600	8.381	0.000	3208.85	18.0						
26.1800	8.381	0.000	3211.05	18.0						
26.2000	8.381	0.000	3213.24	18.0						
26.2200	8.381	0.000	3215.45	18.0						
26.2400	8.380	-0.001	3217.64	18.0						
26.2600	8.380	0.000	3219.84	18.0						
26.2800	8.381	0.000	3222.05	18.0						
26.3000	8.380	0.000	3224.24	18.0						
26.3200	8.380	0.000	3226.44	18.0						
26.3400	8.380	0.000	3228.64	18.0						
26.3600	8.379	0.000	3230.84	18.0						
26.3800	8.379	0.000	3233.04	18.0						
26.4000	8.379	-0.001	3235.24	18.0						
26.4200	8.378	0.000	3237.44	18.0						
26.4400	8.378	0.000	3239.63	18.0						
26.4600	8.378	0.000	3241.84	18.0						
26.4800	8.377	0.000	3244.03	18.0						
26.5000	8.378	0.000	3246.23	18.0						
26.5200	8.377	-0.001	3248.44	18.0						
26.5400	8.377	-0.001	3250.63	18.0						
26.5600	8.376	-0.001	3252.83	18.0						
26.5800	8.376	0.000	3255.03	18.0						
26.6000	8.375	0.000	3257.23	18.0						
26.6200	8.375	-0.001	3259.43	18.0						
26.6400	8.375	0.000	3261.63	18.0						
26.6600	8.375	0.000	3263.83	18.0						
26.6800	8.374	-0.001	3266.03	18.0						
26.7000	8.375	0.001	3268.23	18.0						
26.7200	8.375	0.000	3270.42	18.0						
26.7400	8.374	-0.001	3272.62	18.0						
26.7600	8.373	-0.001	3274.83	18.0						
26.7800	8.373	0.000	3277.02	18.0						
26.8000	8.373	0.000	3279.22	18.0						
26.8200	8.374	0.001	3281.42	18.0						
26.8400	8.373	-0.001	3283.62	18.0						
26.8600	8.373	0.000	3285.82	18.0						
26.8800	8.372	-0.001	3288.02	18.0						
26.9000	8.371	0.000	3290.22	18.0						
26.9200	8.371	0.000	3292.42	18.0						
26.9400	8.372	0.000	3294.62	18.0						
26.9600	8.371	0.000	3296.81	18.0						
26.9800	8.371	-0.001	3299.01	18.0						
27.0000	8.370	0.000	3301.22	18.0						
27.0200	8.370	0.000	3303.41	18.0						
27.0400	8.369	-0.001	3305.61	18.0						
27.0600	8.369	0.000	3307.81	18.0						
27.0800	8.369	0.000	3310.01	18.0						
27.1000	8.369	0.000	3312.21	18.0						
27.1200	8.369	0.000	3314.41	18.0						
27.1400	8.369	0.000	3316.61	18.0						
27.1600	8.368	-0.001	3318.81	18.0						
27.1800	8.368	0.000	3321.01	18.0						
27.2000	8.368	0.000	3323.20	18.0						
27.2200	8.368	-0.001	3325.40	18.0						
27.2400	8.367	0.000	3327.61	18.0						
27.2600	8.366	-0.001	3329.80	18.0						
27.2800	8.367	0.001	3332.11	18.0						
27.3000	8.366	-0.001	3334.30	18.0						
27.3200	8.366	-0.001	3336.50	18.0						
27.3400	8.365	-0.001	3338.70	18.0						
27.3600	8.366	0.000	3340.90	18.0						
27.3800	8.365	-0.001	3343.10	18.0						
27.4000	8.364	0.000	3345.30	18.0						
27.4200	8.364	0.000	3347.50	18.0						
27.4400	8.363	-0.001	3349.69	18.0						
27.4600	8.363	-0.001	3351.90	18.0						
27.4800	8.363	0.000	3354.09	18.0						
27.5000	8.362	0.000	3356.29	18.0						
27.5200	8.362	0.000	3358.50	18.0						
27.5400	8.362	0.000	3360.69	18.0						
27.5600	8.362	0.000	3362.89	18.0						
27.5800	8.362	0.000	3365.09	18.0						
27.6000	8.362	0.000	3367.29	18.0						
27.6200	8.362	0.000	3369.49	18.0						
27.6400	8.361	0.000	3371.69	18.0						
27.6600	8.361	0.000	3373.89	18.0						
27.6800	8.361	0.000	3376.09	18.0						
27.7000	8.361	0.000	3378.29	18.0						
27.7200	8.360	-0.001	3380.48	18.0						
27.7400	8.359	-0.001	3382.68	18.0						
27.7600	8.359	0.000	3384.89	18.0						
27.7800	8.359	0.000	3387.08	18.0						
27.8000	8.359	0.000	3389.28	18.0						
27.8200	8.359	0.001	3391.48	18.0						
27.8400	8.358	-0.001	3393.68	18.0						
27.8600	8.358	0.000	3395.88	18.0						
27.8800	8.358	0.000	3398.08	18.0						
27.9000	8.357	-0.001	3400.28	18.0						
27.9200	8.357	0.001	3402.58	18.0						
27.9400	8.358	0.000	3404.78	18.0						
27.9600	8.356	-0.001	3406.97	18.0						
27.9800	8.356	0.000	3409.18	18.0						
28.0000	8.356	0.000	3411.37	18.0						
28.0200	8.356	0.000	3413.57	18.0						
28.0400	8.355	-0.001	3415.78	18.0						
28.0600	8.355	0.000	3417.97	18.0						
28.0800	8.354	-0.001	3420.17	18.0						
28.1000	8.354	0.000	3422.37	18.0						
28.1200	8.354	0.000	3424.57	18.0						
28.1400	8.354	0.000	3426.77	18.0						
28.1600	8.353	-0.001	3428.97	18.0						
28.1800	8.352	0.000	3431.17	18.0						
28.2000	8.353	0.000	3433.36	18.0						
28.2200	8.354	0.001	3435.57	18.0						
28.2400	8.353	0.000	3437.76	18.0						
28.2600	8.353	0.000	3439.96	18.0						
28.2800	8.353	0.000	3442.17	18.0						
28.3000	8.352	-0.001	3444.36	18.0						
28.3200	8.352	0.000	3446.56	18.0						
28.3400	8.351	-0.001	3448.76	18.0						
28.3600	8.352	0.001	3450.96	18.0						
28.3800	8.351	-0.001	3453.16	18.0						
28.4000	8.351	0.000	3455.36	18.0						
28.4200	8.350	-0.001	3457.56	18.0						
28.4400	8.350	0.000	3459.76	18.0						
28.4600	8.349	0.000	3461.96	18.0						
28.4800	8.349	-0.001	3464.15	18.0						
28.5000	8.349	0.000	3466.35	18.0						
28.5200	8.348	-0.001	3468.56	18.0						
28.5400	8.350	0.002	3470.75	18.0						
28.5600	8.349	0.000	3472.95	18.0						
28.5800	8.349	0.000	3475.15	18.0						
28.6000	8.348	-0.001	3477.35	18.0						
28.6200	8.347	-0.001	3479.55	18.0						
28.6400	8.347	0.000	3481.75	18.0						
28.6600	8.346	-0.001	3483.95	18.0						
28.6800	8.346	-0.001	3486.15	18.0						
28.7000	8.345	-0.001	3488.35	18.0						
28.7200	8.345	0.000	3490.54	18.0						
28.7400	8.344	-0.001	3492.74	18.0						
28.7600	8.344	0.001	3494.95	18.0						
28.7800	8.345	0.000	3497.14	18.0						
28.8000	8.344	-0.001	3499.34	18.0						
28.8200	8.344	0.000	3501.54	18.0						
28.8400	8.343	-0.001	3503.74	18.0						
28.8600	8.343	0.000	3505.94	18.0						
28.8800	8.343	0.000	3508.14	18.0						
28.9000	8.344	0.001	3510.34	18.0						
28.9200	8.343	-0.001	3512.54	18.0						
28.9400	8.343	0.000	3514.74	18.0						
28.9600	8.342	0.000	3516.93	18.0						
28.9800	8.342	0.000	3519.13	18.0						
29.0000	8.342	0.000	3521.34	18.0						
29.0200	8.342	0.000	3523.53	18.0						
29.0400	8.341	-0.001	3525.73	18.0						
29.0600	8.340	-0.001	3527.94	18.0						
29.0800	8.340	0.000	3530.13	18.0						
29.1000	8.340	0.000	3532.33	18.0						
29.1200	8.339	0.000	3534.53	18.0						
29.1400	8.338	-0.001	3536.73	18.0						
29.1600	8.338	-0.001	3538.93	18.0						
29.1800	8.337	-0.001	3541.13	18.0						
29.2000	8.338	0.001	3543.33	18.0						
29.2200	8.337	-0.001	3545.52	18.0						
29.2400	8.336	0.000	3547.73	18.0						
29.2600	8.337	0.000	3549.92	18.0						
29.2800	8.336	-0.001	3552.12	18.0						
29.3000	8.335	-0.001	3554.33	18.0						
29.3200	8.336	0.002	3556.52	18.0						
29.3400	8.336	-0.001	3558.72	18.0						
29.3600	8.336	0.000	3560.92	18.0						
29.3800	8.335	-0.001	3563.12	18.0						
29.4000	8.334	-0.001	3565.32	18.0						
29.4200	8.333	0.000	3567.52	18.0						
29.4400	8.334	0.001	3569.72	18.0						
29.4600	8.333	0.000	3571.91	18.0						
29.4800	8.333	-0.001	3574.12	18.0						
29.5000	8.332	0.000	3576.31	18.0						
29.5200	8.333	0.000	3578.51	18.0						
29.5400	8.331	-0.001	3580.72	18.0						
29.5600	8.331	-0.001	3582.91	18.0						
29.5800	8.331	0.001	3585.11	18.0						
29.6000	8.330	-0.001	3587.31	18.0						
29.6200	8.330	0.000	3589.51	18.0						
29.6400	8.330	0.000	3591.71	18.0						
29.6600	8.329	-0.001	3593.91	18.0						
29.6800	8.329	0.000	3596.11	18.0						
29.7000	8.330	0.001	3598.31	18.0						
29.7200	8.330	0.000	3600.51	18.0						
29.7400	8.329	-0.001	3602.70	18.0						
29.7600	8.329	0.000	3604.90	18.0						
29.7800	8.328	-0.001	3607.11	18.0						
29.8000	8.328	0.000	3609.30	18.0						
29.8200	8.327	-0.001	3611.50	18.0						
29.8400	8.327	-0.001	3613.70	18.0						
29.8600	8.326	-0.001	3615.90	18.0						
29.8800	8.326	0.000	3618.10	18.0						
29.9000	8.326	0.000	3620.30	18.0						
29.9200	8.324	-0.002	3622.50	18.0						
29.9400	8.324	-0.001	3624.70	18.0						
29.9600	8.324	0.000	3626.90	18.0						
29.9800	8.323	0.000	3629.09	18.0						
30.0000	8.323	0.000	3631.29	18.0						
30.0200	8.324	0.000	3633.50	18.0						
30.0400	8.324	0.000	3635.69	18.0						
30.0600	8.324	0.000	3637.89	18.0						
30.0800	8.323	-0.001	3640.09	18.0						
30.1000	8.323	0.000	3642.29	18.0						
30.1200	8.322	-0.001	3644.49	18.0						
30.1400	8.322	0.000	3646.69	18.0						
30.1600	8.321	-0.001	3648.89	18.0						
30.1800	8.321	0.000	3651.09	18.0						
30.2000	8.320	-0.001	3653.29	18.0						
30.2200	8.320	0.000	3655.48	18.0						
30.2400	8.320	0.000	3657.68	18.0						
30.2600	8.319	-0.001	3659.89	18.0						
30.2800	8.319	0.000	3662.08	18.0						
30.3000	8.318	-0.001	3664.28	18.0						
30.3200	8.318	0.000	3666.48	18.0						
30.3400	8.318	0.000	3668.68	18.0						
30.3600	8.318	0.000	3670.88	18.0						
30.3800	8.317	-0.001	3673.08	18.0						
30.4000	8.318	0.001	3675.28	18.0						
30.4200	8.318	0.000	3677.48	18.0						
30.4400	8.317	0.000	3679.68	18.0						
30.4600	8.317	0.000	3681.88	18.0						
30.4800	8.316	-0.001	3684.18	18.0						
30.5000	8.316	0.000	3686.37	18.0						
30.5200	8.315	-0.001	3688.57	18.0						
30.5400	8.315	0.000	3690.78	18.0						
30.5600	8.314	-0.002	3692.97	18.0						
30.5800	8.312	-0.002	3695.17	18.0						
30.6000	8.312	0.001	3697.37	18.0						
30.6200	8.312	0.000	3699.57	18.0						
30.6400	8.314	0.001	3701.77	18.0						
30.6600	8.312	-0.002	3703.97	18.0						
30.6800	8.310	-0.002	3706.17	18.0						
30.7000	8.311	0.001	3708.37	18.0						
30.7200	8.312	0.001	3710.57	18.0						
30.7400	8.312	0.000	3712.76	18.0						
30.7600	8.311	-0.001	3714.96	18.0						
30.7800	8.310	-0.001	3717.17	18.0						
30.8000	8.309	0.000	3719.36	18.0						
30.8200	8.308	-0.002	3721.56	18.0						
30.8400	8.307	0.000	3723.76	18.0						
30.8600	8.308	0.000	3725.96	18.0						
30.8800	8.307	-0.001	3728.16	18.0						
30.9000	8.306	-0.001	3730.36	18.0						
30.9200	8.306	0.000	3732.56	18.0						
30.9400	8.306	0.000	3734.76	18.0						
30.9600	8.305	-0.001	3736.96	18.0						
30.9800	8.306	0.001	3739.15	18.0						
31.0000	8.305	-0.001	3741.35	18.0						
31.0200	8.305	0.000	3743.56	18.0						
31.0400	8.303	-0.002	3745.75	18.0						
31.0600	8.302	-0.002	3747.95	18.0						
31.0800	8.303	0.001	3750.15	18.0						
31.1000	8.303	0.000	3752.35	18.0						
31.1200	8.302	0.000	3754.55	18.0						
31.1400	8.300	-0.002	3756.95	18.0						
31.1600	8.302	0.001	3759.15	18.0						
31.1800	8.302	0.000	3761.35	18.0						
31.2000	8.301	-0.001	3763.55	18.0						
31.2200	8.301	0.000	3765.75	18.0						
31.2400	8.301	0.000	3767.94	18.0						
31.2600	8.299	-0.001	3770.14	18.0						
31.2800	8.300	0.000	3772.35	18.0						
31.3000	8.300	0.000	3774.54	18.0						
31.3200	8.298	-0.002	3776.74	18.0						
31.3400	8.297	-0.001	3778.94	18.0						
31.3600	8.297	0.000	3781.14	18.0						
31.3800	8.296	-0.001	3783.44	18.0						
31.4000	8.299	0.003	3785.64	18.0						
31.4200	8.298	-0.001	3787.84	18.0						
31.4400	8.296	-0.001	3790.04	18.0						
31.4600	8.296	0.000	3792.24	18.0						
31.4800	8.295	-0.001	3794.54	18.0						
31.5000	8.295	0.000	3796.73	18.0						
31.5200	8.294	-0.001	3798.93	18.0						
31.5400	8.294	0.000	3801.14	18.0						
31.5600	8.292	-0.001	3803.54	18.0						
31.5800	8.294	0.002	3805.73	18.0						
31.6000	8.292	-0.002	3808.23	18.0						
31.6200	8.294	0.002	3810.43	18.0						
31.6400	8.291	-0.003	3813.03	18.0						
31.6600	8.294	0.002	3815.23	18.0						
31.6800	8.292	-0.002	3817.43	18.0						
31.7000	8.292	0.000	3819.63	18.0						
31.7200	8.290	-0.002	3821.83	18.0						
31.7400	8.290	-0.001	3824.02	18.0						
31.7600	8.288	-0.001	3826.22	18.0						
31.7800	8.288	0.000	3828.43	18.0						
31.8000	8.288	0.000	3830.62	18.0						
31.8200	8.288	0.000	3832.82	18.0						
31.8400	8.285	-0.003	3835.42	18.0						
31.8600	8.288	0.003	3837.62	18.0						
31.8800	8.286	-0.002	3840.22	18.0						
31.9000	8.287	0.001	3842.42	18.0						
31.9200	8.286	-0.001	3844.62	18.0						
31.9400	8.285	0.000	3846.81	18.0						
31.9600	8.283	-0.003	3849.42	18.0						
31.9800	8.285	0.003	3851.62	18.0						
32.0000	8.283	-0.002	3853.92	18.0						
32.0200	8.283	0.000	3856.32	18.0						
32.0400	8.283	0.000	3858.91	18.0						
32.0600	8.284	0.001	3861.12	18.0						
32.0800	8.282	-0.003	3863.51	18.0						
32.1000	8.282	0.000	3865.91	18.0						
32.1200	8.281	0.000	3868.11	18.0						
32.1400	8.280	-0.001	3870.71	18.0						
32.1600	8.282	0.002	3872.91	18.0						
32.1800	8.279	-0.003	3875.31	18.0						
32.2000	8.280	0.001	3877.51	18.0						
32.2200	8.277	-0.004	3880.20	18.0						
32.2400	8.281	0.004	3882.41	18.0						
32.2600	8.277	-0.004	3885.20	18.0						
32.2800	8.279	0.002	3887.40	18.0						
32.3000	8.276	-0.002	3890.00	18.0						
32.3200	8.277	0.001	3892.40	18.0						
32.3400	8.276	-0.001	3895.10	18.0						
32.3600	8.278	0.003	3897.30	18.0						
32.3800	8.274	-0.004	3900.00	18.0						
32.4000	8.279	0.005	3902.20	18.0						
32.4200	8.276	-0.003	3904.79	18.0						
32.4400	8.276	0.000	3907.30	18.0						
32.4600	8.274	-0.002	3910.00	18.0						
32.4800	8.274	0.001	3912.59	18.0						
32.5000	8.274	0.000	3915.19	18.0						
32.5200	8.274	0.000	3917.69	18.0						
32.5400	8.273	-0.001	3920.29	18.0						
32.5600	8.273	-0.001	3922.79	18.0						
32.5800	8.270	-0.003	3925.49	18.0						
32.6000	8.273	0.003	3927.69	18.0						
32.6200	8.268	-0.005	3930.48	18.0						
32.6400	8.271	0.003	3932.69	18.0						
32.6600	8.268	-0.003	3935.38	18.0						
32.6800	8.269	0.001	3937.98	18.0						
32.7000	8.269	0.000	3940.78	18.0						
32.7200	8.272	0.003	3942.99	18.0						
32.7400	8.266	-0.006	3945.78	18.0						
32.7600	8.267	0.001	3948.28	18.0						
32.7800	8.267	-0.001	3951.08	18.0						
32.8000	8.269	0.002	3953.28	18.0						
32.8200	8.264	-0.004	3955.98	18.0						
32.8400	8.265	0.001	3958.67	18.0						
32.8600	8.266	0.001	3961.18	18.0						
32.8800	8.263	-0.003	3964.07	18.0						
32.9000	8.265	0.002	3966.27	18.0						
32.9200	8.261	-0.004	3968.97	18.0						
32.9400	8.261	0.000	3971.77	18.0						
32.9600	8.264	0.003	3973.97	18.0						
32.9800	8.262	-0.002	3976.57	18.0						
33.0000	8.264	0.002	3978.77	18.0						
33.0200	8.257	-0.007	3981.57	18.0						
33.0400	8.262	0.005	3983.77	18.0						
33.0600	8.255	-0.007	3986.56	18.0						
33.0800	8.260	0.005	3988.77	18.0						
33.1000	8.257	-0.003	3991.36	18.0						
33.1200	8.259	0.002	3993.56	18.0						
33.1400	8.254	-0.005	3996.26	18.0						
33.1600	8.257	0.003	3998.47	18.0						
33.1800	8.254	-0.003	4001.16	18.0						
33.2000	8.254	0.000	4003.66	18.0						
33.2200	8.252	-0.002	4006.16	18.0						
33.2400	8.253	0.001	4008.36	18.0						
33.2600	8.251	-0.003	4010.96	18.0						
33.2800	8.253	0.002	4013.16	18.0						
33.3000	8.247	-0.006	4015.95	18.0						
33.3200	8.251	0.004	4018.56	18.0						
33.3400	8.252	0.002	4020.75	18.0						
33.3600	8.248	-0.005	4023.45	18.0						
33.3800	8.251	0.004	4025.65	18.0						
33.4000	8.248	-0.003	4028.45	18.0						
33.4200	8.251	0.003	4030.65	18.0						
33.4400	8.246	-0.005	4033.15	18.0						
33.4600	8.246	-0.001	4035.75	18.0						
33.4800	8.246	0.000	4038.25	18.0						
33.5000	8.247	0.001	4040.45	18.0						
33.5200	8.272	0.025	4049.04	18.0						
33.5400	8.281	0.009	4053.35	18.0						
33.5600	8.281	0.000	4055.74	18.0						
33.5800	8.263	-0.018	4058.84	18.0						
33.6000	8.255	-0.008	4061.84	18.0						
33.6200	8.253	-0.002	4064.84	18.0						
33.6400	8.250	-0.003	4067.83	18.0						
33.6600	8.252	0.001	4070.04	18.0						
33.6800	8.243	-0.008	4072.94	18.0						
33.7000	8.245	0.002	4075.24	18.0						
33.7200	8.239	-0.007	4078.24	18.0						
33.7400	8.242	0.003	4080.43	18.0						
33.7600	8.236	-0.006	4083.33	18.0						
33.7800	8.237	0.001	4086.04	18.0						
33.8000	8.240	0.003	4088.23	18.0						
33.8200	8.233	-0.007	4091.03	18.0						
33.8400	8.233	0.001	4093.83	18.0						
33.8600	8.232	-0.001	4096.72	18.0						
33.8800	8.235	0.002	4099.43	18.0						
33.9000	8.232	-0.002	4102.23	18.0						
33.9200	8.232	0.000	4104.93	18.0						
33.9400	8.231	-0.001	4107.82	18.0						
33.9600	8.231	0.000	4110.72	18.0						
33.9800	8.232	0.001	4113.62	18.0						
34.0000	8.235	0.003	4115.82	18.0						
34.0200	8.227	-0.008	4118.72	18.0						
34.0400	8.231	0.004	4120.92	18.0						
34.0600	8.225	-0.006	4123.92	18.0						
34.0800	8.229	0.004	4126.12	18.0						
34.1000	8.223	-0.006	4129.01	18.0						
34.1200	8.225	0.002	4131.71	18.0						
34.1400	8.225	0.000	4134.21	18.0						
34.1600	8.223	-0.002	4137.02	18.0						
34.1800	8.222	-0.001	4139.81	18.0						
34.2000	8.223	0.001	4142.41	18.0						
34.2200	8.219	-0.004	4145.21	18.0						
34.2400	8.221	0.002	4148.41	18.0						
34.2600	8.225	0.004	4151.21	18.0						
34.2800	8.225	-0.001	4153.90	18.0						
34.3000	8.223	-0.002	4156.90	18.0						
34.3200	8.222	-0.001	4159.81	18.0						
34.3400	8.225	0.003	4162.00	18.0						
34.3600	8.216	-0.009	4164.90	18.0						
34.3800	8.218	0.001	4167.10	18.0						
34.4000	8.213	-0.005	4169.90	18.0						
34.4200	8.209	-0.004	4172.80	18.0						
34.4400	8.213	0.004	4175.60	18.0						
34.4600	8.213	0.000	4178.40	18.0						
34.4800	8.213	0.000	4181.40	18.0						
34.5000	8.214	0.000	4184.19	18.0						
34.5200	8.212	-0.002	4187.10	18.0						
34.5400	8.214	0.002	4189.29	18.0						
34.5600	8.205	-0.009	4192.19	18.0						
34.5800	8.208	0.004	4194.39	18.0						
34.6000	8.200	-0.008	4197.29	18.0						
34.6200	8.206	0.005	4199.49	18.0						
34.6400	8.200	-0.006	4202.49	18.0						
34.6600	8.243	0.043	4213.28	18.0						
34.6800	8.254	0.011	4218.68	18.0						
34.7000	8.252	-0.002	4221.48	18.0						
34.7200	8.230	-0.023	4224.88	18.0						
34.7400	8.220	-0.010	4227.98	18.0						
34.7600	8.212	-0.008	4231.38	18.0						
34.7800	8.209	-0.003	4234.48	18.0						
34.8000	8.206	-0.003	4237.38	18.0						
34.8200	8.199	-0.006	4240.37	18.0						
34.8400	8.198	-0.001	4243.18	18.0						
34.8600	8.199	0.000	4246.18	18.0						
34.8800	8.198	0.000	4249.07	18.0						
34.9000	8.196	-0.002	4252.07	18.0						
34.9200	8.193	-0.003	4255.17	18.0						
34.9400	8.194	0.001	4258.67	18.0						
34.9600	8.195	0.001	4261.57	18.0						
34.9800	8.194	-0.001	4264.66	18.0						
35.0000	8.192	-0.002	4267.47	18.0						
35.0200	8.191	-0.001	4270.26	18.0						
35.0400	8.188	-0.003	4273.26	18.0						
35.0600	8.186	-0.002	4276.06	18.0						
35.0800	8.185	-0.001	4278.96	18.0						
35.1000	8.184	-0.001	4281.76	18.0						
35.1200	8.230	0.046	4294.85	18.0						
35.1400	8.245	0.015	4301.45	18.0						
35.1600	8.240	-0.005	4304.75	18.0						
35.1800	8.218	-0.023	4308.45	18.0						
35.2000	8.204	-0.013	4311.75	18.0						
35.2200	8.194	-0.011	4314.85	18.0						
35.2400	8.186	-0.008	4318.04	18.0						
35.2600	8.192	0.006	4323.64	18.0						
35.2800	8.198	0.006	4326.94	18.0						
35.3000	8.192	-0.005	4329.85	18.0						
35.3200	8.181	-0.012	4333.04	18.0						
35.3400	8.174	-0.007	4336.14	18.0						
35.3600	8.175	0.002	4338.94	18.0						
35.3800	8.182	0.007	4344.94	18.0						
35.4000	8.190	0.008	4348.14	18.0						
35.4200	8.185	-0.005	4351.33	18.0						
35.4400	8.176	-0.009	4354.44	18.0						
35.4600	8.171	-0.005	4357.53	18.0						
35.4800	8.167	-0.004	4360.63	18.0						
35.5000	8.208	0.042	4372.63	18.0						
35.5200	8.219	0.010	4378.62	18.0						
35.5400	8.215	-0.004	4381.73	18.0						
35.5600	8.190	-0.026	4385.32	18.0						
35.5800	8.179	-0.010	4388.63	18.0						
35.6000	8.169	-0.011	4391.82	18.0						
35.6200	8.159	-0.009	4394.92	18.0						
35.6400	8.155	-0.005	4397.72	18.0						
35.6600	8.149	-0.006	4400.72	18.0						
35.6800	8.147	-0.001	4403.71	18.0						
35.7000	8.144	-0.004	4406.62	18.0						
35.7200	8.143	-0.001	4409.41	18.0						
35.7400	8.139	-0.004	4412.31	18.0						
35.7600	8.137	-0.001	4415.21	18.0						
35.7800	8.159	0.021	4422.41	18.0						
35.8000	8.166	0.007	4426.01	18.0						
35.8200	8.160	-0.006	4429.11	18.0						
35.8400	8.148	-0.012	4432.50	18.0						
35.8600	8.144	-0.004	4436.01	18.0						
35.8800	8.143	-0.001	4439.20	18.0						
35.9000	8.137	-0.006	4442.20	18.0						
35.9200	8.132	-0.005	4445.50	18.0						
35.9400	8.134	0.002	4450.00	18.0						
35.9600	8.139	0.006	4452.50	18.0						
35.9800	8.130	-0.009	4455.59	18.0						
36.0000	8.127	-0.003	4458.50	18.0						
36.0200	8.120	-0.008	4461.40	18.0						
36.0400	8.118	-0.002	4464.29	18.0						
36.0600	8.124	0.006	4469.39	18.0						
36.0800	8.130	0.006	4472.09	18.0						
36.1000	8.119	-0.011	4475.09	18.0						
36.1200	8.114	-0.005	4478.09	18.0						
36.1400	8.112	-0.002	4480.99	18.0						
36.1600	8.111	-0.001	4483.79	18.0						
36.1800	8.106	-0.005	4486.48	18.0						
36.2000	8.101	-0.004	4489.18	18.0						
36.2200	8.098	-0.003	4492.18	18.0						
36.2400	8.099	0.001	4494.38	18.0						
36.2600	8.095	-0.004	4496.78	18.0						
36.2800	8.095	0.000	4498.98	18.0						
36.3000	8.089	-0.006	4501.48	18.0						
36.3200	8.090	0.001	4503.78	18.0						
36.3400	8.095	0.005	4508.48	18.0						
36.3600	8.098	0.003	4511.07	18.0						
36.3800	8.088	-0.010	4513.98	18.0						
36.4000	8.090	0.002	4517.88	18.0						
36.4200	8.083	-0.007	4520.67	18.0						
36.4400	8.087	0.004	4525.77	18.0						
36.4600	8.086	-0.001	4528.77	18.0						
36.4800	8.080	-0.006	4533.57	18.0						
36.5000	8.075	-0.005	4536.67	18.0						
36.5200	8.070	-0.006	4539.57	18.0						
36.5400	8.077	0.007	4545.77	18.0						
36.5600	8.069	-0.008	4549.07	18.0						
36.5800	8.068	-0.002	4554.96	18.0						
36.6000	8.061	-0.007	4558.46	18.0						
36.6200	8.056	-0.005	4563.96	18.0						
36.6400	8.049	-0.007	4567.25	18.0						
36.6600	8.044	-0.004	4573.75	18.0						
36.6800	8.033	-0.011	4577.45	18.0						
36.7000	8.034	0.001	4584.05	18.0						
36.7200	8.022	-0.011	4587.65	18.0						
36.7400	8.016	-0.006	4595.25	18.0						
36.7600	8.000	-0.016	4599.45	18.0						
36.7800	7.984	-0.016	4605.15	18.0						
36.8000	7.976	-0.008	4611.34	18.0						
36.8200	7.954	-0.022	4615.04	18.0						
36.8400	7.947	-0.006	4623.23	18.0						
36.8600	7.921	-0.026	4627.83	18.0						
36.8800	7.924	0.003	4640.53	18.0						
36.9000	7.907	-0.017	4646.93	18.0						
36.9200	7.877	-0.031	4650.82	18.0						
36.9400	7.860	-0.016	4661.23	18.0						
36.9600	7.839	-0.021	4668.72	18.0						
36.9800	7.798	-0.041	4673.52	18.0						
37.0000	7.735	-0.064	4677.42	18.0						
37.0200	7.736	0.001	4691.31	18.0						
37.0400	7.707	-0.028	4698.41	18.0						
37.0600	7.639	-0.068	4703.41	18.0						
37.0800	7.563	-0.076	4709.51	18.0						
37.1000	7.490	-0.074	4714.10	18.0						
37.1200	7.766	0.276	4777.18	18.0						
37.1400	7.854	0.088	4808.67	18.0						
37.1600	7.850	-0.005	4824.46	18.0						
37.1800	7.808	-0.041	4833.26	18.0						
37.2000	7.736	-0.072	4841.76	18.0						
37.2200	7.667	-0.068	4848.15	18.0						
37.2400	7.598	-0.069	4855.25	18.0						
37.2600	7.554	-0.044	4860.15	18.0						
37.2800	7.487	-0.067	4864.75	18.0						
37.3000	7.385	-0.102	4869.35	18.0						
37.3200	7.265	-0.120	4874.04	18.0						
37.3400	7.115	-0.150	4878.44	18.0						
37.3600	7.604	0.489	4978.71	18.0						
37.3800	7.751	0.147	5028.79	18.0						
37.4000	7.726	-0.025	5053.78	18.0						
37.4200	7.658	-0.068	5067.07	18.0						
37.4400	7.536	-0.122	5078.87	18.0						
37.4600	7.421	-0.115	5088.77	18.0						
37.4800	7.336	-0.085	5096.86	18.0						
37.5000	7.244	-0.092	5104.96	18.0						
37.5200	7.123	-0.121	5113.76	18.0						
37.5400	6.970	-0.153	5119.85	18.0						
37.5600	6.708	-0.263	5128.85	18.0						
37.5800	6.492	-0.216	5135.75	18.0						
37.6000	6.196	-0.296	5144.54	18.0						
37.6200	5.857	-0.339	5156.05	18.0						
37.6400	5.547	-0.310	5167.44	18.0						
37.6600	5.279	-0.268	5179.44	18.0						
37.6800	5.025	-0.253	5196.73	18.0						
37.7000	4.792	-0.234	5209.02	18.0						
37.7200	4.565	-0.227	5219.12	18.0						
37.7400	4.347	-0.218	5229.41	18.0						
37.7600	4.176	-0.171	5237.81	18.0						
37.7800	4.030	-0.146	5243.81	18.0						
37.8000	3.868	-0.162	5250.21	18.0						
37.8200	3.739	-0.130	5258.62	18.0						
37.8400	3.652	-0.087	5264.31	18.0						
37.8600	3.532	-0.120	5272.10	18.0						
37.8800	3.439	-0.093	5279.30	18.0						
37.9000	3.354	-0.085	5285.60	18.0						
37.9200	3.273	-0.082	5291.30	18.0						
37.9400	3.199	-0.073	5296.19	18.0						
37.9600	3.125	-0.074	5301.39	18.0						
37.9800	3.058	-0.067	5307.39	18.0						
38.0000	3.001	-0.057	5313.19	18.0						
38.0200	2.956	-0.045	5317.39	18.0						
38.0400	2.906	-0.050	5322.19	18.0						
38.0600	2.861	-0.045	5327.38	18.0						
38.0800	2.828	-0.032	5330.98	18.0						
38.1000	2.790	-0.038	5334.78	18.0						
38.1200	2.759	-0.031	5337.78	18.0						
38.1400	2.727	-0.032	5340.87	18.0						
38.1600	2.698	-0.029	5343.78	18.0						
38.1800	2.670	-0.028	5346.67	18.0						
38.2000	2.643	-0.027	5349.67	18.0						
38.2200	2.619	-0.024	5352.57	18.0						
38.2400	2.597	-0.022	5355.57	18.0						
38.2600	2.572	-0.025	5358.57	18.0						
38.2800	2.553	-0.019	5361.37	18.0						
38.3000	2.534	-0.019	5364.27	18.0						
38.3200	2.513	-0.021	5367.17	18.0						
38.3400	2.494	-0.019	5370.06	18.0						
38.3600	2.478	-0.016	5372.96	18.0						
38.3800	2.462	-0.016	5375.76	18.0						
38.4000	2.445	-0.016	5378.56	18.0						
38.4200	2.430	-0.015	5381.36	18.0						
38.4400	2.416	-0.014	5384.26	18.0						
38.4600	2.402	-0.013	5387.16	18.0						
38.4800	2.388	-0.015	5389.86	18.0						
38.5000	2.374	-0.014	5392.67	18.0						
38.5200	2.362	-0.012	5395.45	18.0						
38.5400	2.348	-0.014	5398.25	18.0						
38.5600	2.336	-0.012	5401.06	18.0						
38.5800	2.324	-0.012	5403.85	18.0						
38.6000	2.313	-0.011	5406.55	18.0						
38.6200	2.301	-0.011	5409.35	18.0						
38.6400	2.290	-0.011	5412.15	18.0						
38.6600	2.281	-0.010	5414.85	18.0						
38.6800	2.270	-0.011	5417.45	18.0						
38.7000	2.260	-0.010	5420.25	18.0						
38.7200	2.251	-0.009	5422.95	18.0						
38.7400	2.242	-0.009	5425.44	18.0						
38.7600	2.231	-0.011	5428.05	18.0						
38.7800	2.222	-0.009	5430.64	18.0						
38.8000	2.212	-0.010	5433.34	18.0						
38.8200	2.204	-0.008	5436.04	18.0						
38.8400	2.196	-0.008	5438.74	18.0						
38.8600	2.188	-0.009	5441.44	18.0						
38.8800	2.178	-0.009	5444.14	18.0						
38.9000	2.171	-0.007	5446.74	18.0						
38.9200	2.163	-0.008	5449.34	18.0						
38.9400	2.155	-0.008	5451.93	18.0						
38.9600	2.147	-0.008	5454.33	18.0						
38.9800	2.139	-0.008	5456.93	18.0						
39.0000	2.132	-0.006	5459.43	18.0						
39.0200	2.125	-0.007	5461.93	18.0						
39.0400	2.118	-0.007	5464.33	18.0						
39.0600	2.111	-0.008	5466.93	18.0						
39.0800	2.104	-0.007	5469.43	18.0						
39.1000	2.098	-0.006	5471.63	18.0						
39.1200	2.090	-0.008	5474.02	18.0						
39.1400	2.083	-0.007	5476.52	18.0						
39.1600	2.077	-0.006	5478.92	18.0						
39.1800	2.070	-0.007	5481.22	18.0						
39.2000	2.064	-0.007	5483.72	18.0						
39.2200	2.057	-0.006	5486.23	18.0						
39.2400	2.052	-0.006	5488.63	18.0						
39.2600	2.047	-0.005	5490.82	18.0						
39.2800	2.039	-0.007	5493.22	18.0						
39.3000	2.034	-0.005	5495.52	18.0						
39.3200	2.028	-0.006	5497.92	18.0						
39.3400	2.022	-0.006	5500.32	18.0						
39.3600	2.017	-0.005	5502.62	18.0						
39.3800	2.011	-0.005	5504.91	18.0						
39.4000	2.006	-0.006	5507.31	18.0						
39.4200	2.000	-0.006	5509.81	18.0						
39.4400	1.994	-0.005	5512.21	18.0						
39.4600	1.990	-0.005	5514.51	18.0						
39.4800	1.985	-0.004	5516.71	18.0						
39.5000	1.979	-0.006	5519.01	18.0						
39.5200	1.974	-0.005	5521.21	18.0						
39.5400	1.969	-0.005	5523.71	18.0						
39.5600	1.965	-0.004	5525.91	18.0						
39.5800	1.959	-0.006	5528.41	18.0						
39.6000	1.955	-0.004	5530.61	18.0						
39.6200	1.950	-0.005	5532.80	18.0						
39.6400	1.945	-0.006	5535.12	18.0						
39.6600	1.940	-0.004	5537.40	18.0						
39.6800	1.936	-0.004	5539.61	18.0						
39.7000	1.932	-0.004	5541.80	18.0						
39.7200	1.927	-0.006	5544.00	18.0						
39.7400	1.923	-0.004	5546.20	18.0						
39.7600	1.918	-0.005	5548.40	18.0						
39.7800	1.914	-0.004	5550.60	18.0						
39.8000	1.910	-0.005	5553.00	18.0						
39.8200	1.906	-0.004	5555.20	18.0						
39.8400	1.901	-0.005	5557.49	18.0						
39.8600	1.897	-0.004	5559.70	18.0						
39.8800	1.893	-0.004	5561.89	18.0						
39.9000	1.890	-0.004	5564.09	18.0						
39.9200	1.885	-0.004	5566.30	18.0						
39.9400	1.881	-0.004	5568.49	18.0						
39.9600	1.877	-0.004	5570.69	18.0						
39.9800	1.873	-0.004	5572.89	18.0						
40.0000	1.869	-0.003	5575.19	18.0						
