0.0000	11.848	0.000	0.00	18.0						
0.0200	11.848	0.001	2.19	18.0						
0.0400	11.848	-0.001	4.39	18.0						
0.0600	11.847	-0.001	6.60	18.0						
0.0800	11.846	-0.001	8.79	18.0						
0.1000	11.812	-0.034	13.29	18.0						
0.1200	11.789	-0.022	19.29	18.0						
0.1400	11.764	-0.025	23.59	18.0						
0.1600	11.737	-0.027	27.79	18.0						
0.1800	11.698	-0.039	33.38	18.0						
0.2000	11.682	-0.015	37.19	18.0						
0.2200	11.673	-0.009	43.28	18.0						
0.2400	11.646	-0.027	47.58	18.0						
0.2600	11.619	-0.027	52.18	18.0						
0.2800	11.580	-0.039	58.48	18.0						
0.3000	11.549	-0.031	63.28	18.0						
0.3200	11.493	-0.056	72.58	18.0						
0.3400	11.446	-0.047	81.67	18.0						
0.3600	11.393	-0.053	93.46	18.0						
0.3800	11.342	-0.051	101.66	18.0						
0.4000	11.244	-0.098	119.45	18.0						
0.4200	11.188	-0.056	128.75	18.0						
0.4400	11.118	-0.070	142.04	18.0						
0.4600	11.018	-0.100	157.14	18.0						
0.4800	10.927	-0.091	172.74	18.0						
0.5000	10.808	-0.118	189.03	18.0						
0.5200	10.757	-0.052	198.53	18.0						
0.5400	10.655	-0.101	211.92	18.0						
0.5600	10.617	-0.039	221.62	18.0						
0.5800	10.556	-0.060	232.32	18.0						
0.6000	10.497	-0.059	242.21	18.0						
0.6200	10.393	-0.104	255.51	18.0						
0.6400	10.325	-0.068	267.70	18.0						
0.6600	10.277	-0.048	274.79	18.0						
0.6800	10.187	-0.090	285.59	18.0						
0.7000	10.123	-0.065	296.19	18.0						
0.7200	10.080	-0.042	304.28	18.0						
0.7400	10.040	-0.040	314.38	18.0						
0.7600	10.020	-0.020	321.88	18.0						
0.7800	9.997	-0.024	328.08	18.0						
0.8000	9.962	-0.035	335.17	18.0						
0.8200	9.933	-0.029	342.27	18.0						
0.8400	9.926	-0.007	346.07	18.0						
0.8600	9.912	-0.014	350.57	18.0						
0.8800	9.888	-0.024	355.16	18.0						
0.9000	9.895	0.007	357.77	18.0						
0.9200	9.892	-0.003	359.96	18.0						
0.9400	9.875	-0.016	363.26	18.0						
0.9600	9.870	-0.005	377.56	18.0						
0.9800	9.860	-0.010	385.45	18.0						
1.0000	9.842	-0.018	389.45	18.0						
1.0200	9.827	-0.014	393.35	18.0						
1.0400	9.805	-0.023	397.95	18.0						
1.0600	9.788	-0.017	402.25	18.0						
1.0800	9.770	-0.018	406.65	18.0						
1.1000	9.761	-0.009	409.14	18.0						
1.1200	9.746	-0.015	412.14	18.0						
1.1400	9.727	-0.019	416.55	18.0						
1.1600	9.719	-0.008	419.04	18.0						
1.1800	9.707	-0.012	421.44	18.0						
1.2000	9.693	-0.014	424.44	18.0						
1.2200	9.680	-0.013	428.04	18.0						
1.2400	9.673	-0.007	430.34	18.0						
1.2600	9.664	-0.009	432.64	18.0						
1.2800	9.650	-0.015	436.34	18.0						
1.3000	9.645	-0.005	438.63	18.0						
1.3200	9.637	-0.008	440.84	18.0						
1.3400	9.628	-0.009	443.03	18.0						
1.3600	9.619	-0.009	445.23	18.0						
1.3800	9.610	-0.009	447.44	18.0						
1.4000	9.602	-0.008	449.63	18.0						
1.4200	9.595	-0.007	451.83	18.0						
1.4400	9.587	-0.008	454.03	18.0						
1.4600	9.578	-0.008	456.23	18.0						
1.4800	9.570	-0.008	458.43	18.0						
1.5000	9.565	-0.006	460.63	18.0						
1.5200	9.557	-0.008	462.82	18.0						
1.5400	9.551	-0.006	465.02	18.0						
1.5600	9.544	-0.007	467.23	18.0						
1.5800	9.537	-0.007	469.42	18.0						
1.6000	9.531	-0.006	471.62	18.0						
1.6200	9.525	-0.007	473.83	18.0						
1.6400	9.520	-0.005	476.02	18.0						
1.6600	9.513	-0.006	478.22	18.0						
1.6800	9.508	-0.005	480.42	18.0						
1.7000	9.502	-0.006	482.62	18.0						
1.7200	9.496	-0.005	484.82	18.0						
1.7400	9.491	-0.005	487.02	18.0						
1.7600	9.486	-0.005	489.21	18.0						
1.7800	9.481	-0.005	491.41	18.0						
1.8000	9.475	-0.006	493.62	18.0						
1.8200	9.470	-0.004	495.81	18.0						
1.8400	9.466	-0.004	498.01	18.0						
1.8600	9.460	-0.006	500.21	18.0						
1.8800	9.459	-0.001	502.41	18.0						
1.9000	9.457	-0.002	504.61	18.0						
1.9200	9.453	-0.004	506.81	18.0						
1.9400	9.449	-0.004	509.01	18.0						
1.9600	9.444	-0.004	511.21	18.0						
1.9800	9.439	-0.005	513.41	18.0						
2.0000	9.435	-0.004	515.60	18.0						
2.0200	9.430	-0.004	517.80	18.0						
2.0400	9.426	-0.004	520.01	18.0						
2.0600	9.421	-0.005	522.20	18.0						
2.0800	9.417	-0.004	524.40	18.0						
2.1000	9.413	-0.004	526.61	18.0						
2.1200	9.409	-0.004	528.80	18.0						
2.1400	9.405	-0.004	531.00	18.0						
2.1600	9.401	-0.003	533.20	18.0						
2.1800	9.397	-0.004	535.40	18.0						
2.2000	9.393	-0.004	537.60	18.0						
2.2200	9.389	-0.004	539.80	18.0						
2.2400	9.385	-0.003	542.00	18.0						
2.2600	9.382	-0.003	544.19	18.0						
2.2800	9.379	-0.004	546.40	18.0						
2.3000	9.373	-0.005	548.59	18.0						
2.3200	9.371	-0.002	550.79	18.0						
2.3400	9.368	-0.003	553.00	18.0						
2.3600	9.364	-0.004	555.19	18.0						
2.3800	9.361	-0.003	557.39	18.0						
2.4000	9.358	-0.004	559.59	18.0						
2.4200	9.354	-0.003	561.79	18.0						
2.4400	9.351	-0.003	563.99	18.0						
2.4600	9.348	-0.003	566.19	18.0						
2.4800	9.344	-0.003	568.39	18.0						
2.5000	9.341	-0.003	570.58	18.0						
2.5200	9.338	-0.003	572.79	18.0						
2.5400	9.336	-0.003	574.98	18.0						
2.5600	9.332	-0.003	577.18	18.0						
2.5800	9.329	-0.003	579.39	18.0						
2.6000	9.326	-0.003	581.58	18.0						
2.6200	9.323	-0.003	583.78	18.0						
2.6400	9.320	-0.003	585.98	18.0						
2.6600	9.318	-0.003	588.18	18.0						
2.6800	9.315	-0.003	590.38	18.0						
2.7000	9.312	-0.003	592.58	18.0						
2.7200	9.309	-0.004	594.78	18.0						
2.7400	9.307	-0.002	596.97	18.0						
2.7600	9.303	-0.003	599.18	18.0						
2.7800	9.301	-0.002	601.37	18.0						
2.8000	9.299	-0.003	603.57	18.0						
2.8200	9.296	-0.003	605.78	18.0						
2.8400	9.293	-0.002	607.98	18.0						
2.8600	9.291	-0.003	610.18	18.0						
2.8800	9.288	-0.003	612.38	18.0						
2.9000	9.286	-0.002	614.58	18.0						
2.9200	9.283	-0.003	616.78	18.0						
2.9400	9.281	-0.002	618.98	18.0						
2.9600	9.278	-0.002	621.17	18.0						
2.9800	9.276	-0.003	623.37	18.0						
3.0000	9.274	-0.002	625.58	18.0						
3.0200	9.271	-0.003	627.76	18.0						
3.0400	9.269	-0.002	629.96	18.0						
3.0600	9.267	-0.002	632.17	18.0						
3.0800	9.264	-0.002	634.36	18.0						
3.1000	9.262	-0.002	636.56	18.0						
3.1200	9.258	-0.004	640.56	18.0						
3.1400	9.257	-0.001	642.96	18.0						
3.1600	9.255	-0.001	645.16	18.0						
3.1800	9.254	-0.002	647.36	18.0						
3.2000	9.251	-0.002	649.56	18.0						
3.2200	9.249	-0.002	651.75	18.0						
3.2400	9.246	-0.002	653.95	18.0						
3.2600	9.245	-0.002	656.16	18.0						
3.2800	9.242	-0.003	658.35	18.0						
3.3000	9.240	-0.002	660.55	18.0						
3.3200	9.238	-0.002	662.76	18.0						
3.3400	9.236	-0.002	664.95	18.0						
3.3600	9.234	-0.002	667.15	18.0						
3.3800	9.232	-0.002	669.35	18.0						
3.4000	9.230	-0.002	671.55	18.0						
3.4200	9.228	-0.002	673.75	18.0						
3.4400	9.226	-0.002	675.95	18.0						
3.4600	9.224	-0.002	678.14	18.0						
3.4800	9.222	-0.002	680.34	18.0						
3.5000	9.220	-0.002	682.55	18.0						
3.5200	9.218	-0.002	684.74	18.0						
3.5400	9.216	-0.002	686.94	18.0						
3.5600	9.214	-0.002	689.15	18.0						
3.5800	9.212	-0.002	691.34	18.0						
3.6000	9.211	-0.002	693.54	18.0						
3.6200	9.209	-0.002	695.74	18.0						
3.6400	9.207	-0.002	697.94	18.0						
3.6600	9.205	-0.002	700.14	18.0						
3.6800	9.203	-0.002	702.34	18.0						
3.7000	9.201	-0.002	704.53	18.0						
3.7200	9.199	-0.002	706.73	18.0						
3.7400	9.197	-0.002	708.94	18.0						
3.7600	9.196	-0.002	711.13	18.0						
3.7800	9.194	-0.002	713.33	18.0						
3.8000	9.192	-0.002	715.54	18.0						
3.8200	9.190	-0.002	717.73	18.0						
3.8400	9.188	-0.002	719.93	18.0						
3.8600	9.187	-0.002	722.13	18.0						
3.8800	9.185	-0.002	724.33	18.0						
3.9000	9.183	-0.001	726.53	18.0						
3.9200	9.181	-0.002	728.73	18.0						
3.9400	9.180	-0.001	730.93	18.0						
3.9600	9.178	-0.002	733.12	18.0						
3.9800	9.176	-0.002	735.33	18.0						
4.0000	9.175	-0.002	737.52	18.0						
4.0200	9.173	-0.002	739.83	18.0						
4.0400	9.172	-0.002	742.02	18.0						
4.0600	9.170	-0.002	744.22	18.0						
4.0800	9.168	-0.002	746.42	18.0						
4.1000	9.167	-0.002	748.62	18.0						
4.1200	9.165	-0.002	750.82	18.0						
4.1400	9.163	-0.002	753.02	18.0						
4.1600	9.162	-0.002	755.22	18.0						
4.1800	9.160	-0.001	757.42	18.0						
4.2000	9.159	-0.002	759.62	18.0						
4.2200	9.157	-0.002	761.81	18.0						
4.2400	9.155	-0.002	764.01	18.0						
4.2600	9.154	-0.001	766.22	18.0						
4.2800	9.152	-0.002	768.41	18.0						
4.3000	9.151	-0.001	770.61	18.0						
4.3200	9.149	-0.002	772.81	18.0						
4.3400	9.148	-0.002	775.01	18.0						
4.3600	9.146	-0.001	777.21	18.0						
4.3800	9.145	-0.002	779.41	18.0						
4.4000	9.144	-0.001	781.61	18.0						
4.4200	9.142	-0.002	783.81	18.0						
4.4400	9.140	-0.001	786.01	18.0						
4.4600	9.139	-0.001	788.20	18.0						
4.4800	9.137	-0.002	790.40	18.0						
4.5000	9.136	-0.001	792.61	18.0						
4.5200	9.135	-0.001	794.80	18.0						
4.5400	9.133	-0.002	797.00	18.0						
4.5600	9.132	-0.002	799.20	18.0						
4.5800	9.130	-0.001	801.40	18.0						
4.6000	9.129	-0.002	803.60	18.0						
4.6200	9.127	-0.001	805.80	18.0						
4.6400	9.126	-0.001	808.00	18.0						
4.6600	9.125	-0.002	810.20	18.0						
4.6800	9.124	-0.001	812.40	18.0						
4.7000	9.122	-0.002	814.59	18.0						
4.7200	9.121	-0.001	816.79	18.0						
4.7400	9.119	-0.002	819.00	18.0						
4.7600	9.118	-0.001	821.20	18.0						
4.7800	9.117	-0.001	823.40	18.0						
4.8000	9.115	-0.001	825.60	18.0						
4.8200	9.114	-0.001	827.80	18.0						
4.8400	9.113	-0.001	830.00	18.0						
4.8600	9.111	-0.001	832.20	18.0						
4.8800	9.110	-0.001	834.39	18.0						
4.9000	9.109	-0.001	836.59	18.0						
4.9200	9.107	-0.002	838.80	18.0						
4.9400	9.106	-0.001	840.98	18.0						
4.9600	9.105	-0.001	843.18	18.0						
4.9800	9.103	-0.001	845.39	18.0						
5.0000	9.102	-0.001	847.58	18.0						
5.0200	9.101	-0.002	849.78	18.0						
5.0400	9.100	-0.001	851.98	18.0						
5.0600	9.098	-0.001	854.18	18.0						
5.0800	9.097	-0.002	856.38	18.0						
5.1000	9.096	-0.001	858.58	18.0						
5.1200	9.095	-0.001	860.78	18.0						
5.1400	9.093	-0.001	862.98	18.0						
5.1600	9.092	-0.001	865.18	18.0						
5.1800	9.091	-0.001	867.37	18.0						
5.2000	9.090	-0.001	869.57	18.0						
5.2200	9.088	-0.002	871.78	18.0						
5.2400	9.087	-0.001	873.97	18.0						
5.2600	9.086	-0.001	876.17	18.0						
5.2800	9.085	-0.001	878.37	18.0						
5.3000	9.084	-0.001	880.57	18.0						
5.3200	9.082	-0.001	882.77	18.0						
5.3400	9.081	-0.001	884.97	18.0						
5.3600	9.080	-0.001	887.17	18.0						
5.3800	9.079	-0.001	889.37	18.0						
5.4000	9.078	-0.001	891.57	18.0						
5.4200	9.077	-0.001	893.76	18.0						
5.4400	9.075	-0.001	895.96	18.0						
5.4600	9.074	-0.001	898.17	18.0						
5.4800	9.073	-0.001	900.36	18.0						
5.5000	9.072	-0.001	902.56	18.0						
5.5200	9.071	-0.001	904.77	18.0						
5.5400	9.070	-0.001	906.96	18.0						
5.5600	9.068	-0.001	909.16	18.0						
5.5800	9.067	-0.001	911.36	18.0						
5.6000	9.066	-0.001	913.56	18.0						
5.6200	9.065	-0.001	915.76	18.0						
5.6400	9.064	-0.001	917.96	18.0						
5.6600	9.063	-0.001	920.16	18.0						
5.6800	9.062	-0.001	922.35	18.0						
5.7000	9.061	-0.001	924.56	18.0						
5.7200	9.060	-0.001	926.75	18.0						
5.7400	9.059	-0.001	928.95	18.0						
5.7600	9.057	-0.001	931.16	18.0						
5.7800	9.057	-0.001	933.35	18.0						
5.8000	9.055	-0.001	935.55	18.0						
5.8200	9.054	-0.001	937.75	18.0						
5.8400	9.053	-0.001	939.95	18.0						
5.8600	9.052	-0.001	942.15	18.0						
5.8800	9.051	-0.001	944.35	18.0						
5.9000	9.050	-0.001	946.65	18.0						
5.9200	9.049	-0.001	948.85	18.0						
5.9400	9.048	-0.001	951.04	18.0						
5.9600	9.047	-0.001	953.24	18.0						
5.9800	9.046	-0.001	955.54	18.0						
6.0000	9.045	-0.001	957.74	18.0						
6.0200	9.044	-0.001	959.94	18.0						
6.0400	9.043	-0.001	962.14	18.0						
6.0600	9.041	-0.001	964.44	18.0						
6.0800	9.040	-0.001	966.64	18.0						
6.1000	9.040	-0.001	968.84	18.0						
6.1200	9.038	-0.001	971.04	18.0						
6.1400	9.037	-0.001	973.24	18.0						
6.1600	9.036	-0.001	975.43	18.0						
6.1800	9.036	-0.001	977.64	18.0						
6.2000	9.035	-0.001	979.83	18.0						
6.2200	9.033	-0.001	982.03	18.0						
6.2400	9.032	-0.001	984.24	18.0						
6.2600	9.031	-0.001	986.43	18.0						
6.2800	9.030	-0.001	988.63	18.0						
6.3000	9.029	-0.001	990.93	18.0						
6.3200	9.028	-0.001	993.13	18.0						
6.3400	9.027	-0.001	995.33	18.0						
6.3600	9.026	-0.001	997.53	18.0						
6.3800	9.025	-0.001	999.73	18.0						
6.4000	9.024	-0.001	1001.93	18.0						
6.4200	9.023	-0.001	1004.12	18.0						
6.4400	9.023	-0.001	1006.32	18.0						
6.4600	9.022	-0.001	1008.53	18.0						
6.4800	9.021	-0.001	1010.72	18.0						
6.5000	9.020	-0.001	1012.92	18.0						
6.5200	9.018	-0.001	1015.12	18.0						
6.5400	9.018	-0.001	1017.32	18.0						
6.5600	9.017	-0.001	1019.52	18.0						
6.5800	9.016	-0.001	1021.82	18.0						
6.6000	9.015	-0.001	1024.02	18.0						
6.6200	9.014	-0.001	1026.22	18.0						
6.6400	9.013	-0.001	1028.42	18.0						
6.6600	9.012	-0.001	1030.61	18.0						
6.6800	9.011	-0.001	1032.82	18.0						
6.7000	9.010	-0.001	1035.01	18.0						
6.7200	9.009	-0.001	1037.21	18.0						
6.7400	9.008	-0.001	1039.42	18.0						
6.7600	9.008	-0.001	1041.61	18.0						
6.7800	9.007	-0.001	1043.81	18.0						
6.8000	9.006	-0.001	1046.01	18.0						
6.8200	9.004	-0.001	1048.21	18.0						
6.8400	9.004	-0.001	1050.41	18.0						
6.8600	9.003	-0.001	1052.61	18.0						
6.8800	9.002	-0.001	1054.81	18.0						
6.9000	9.001	-0.001	1057.00	18.0						
6.9200	9.000	-0.001	1059.21	18.0						
6.9400	8.999	-0.001	1061.40	18.0						
6.9600	8.998	-0.001	1063.60	18.0						
6.9800	8.997	-0.001	1065.81	18.0						
7.0000	8.996	-0.001	1068.10	18.0						
7.0200	8.996	-0.001	1070.30	18.0						
7.0400	8.995	-0.001	1072.50	18.0						
7.0600	8.994	-0.001	1074.70	18.0						
7.0800	8.993	-0.001	1076.90	18.0						
7.1000	8.992	-0.001	1079.10	18.0						
7.1200	8.991	-0.001	1081.30	18.0						
7.1400	8.990	-0.001	1083.50	18.0						
7.1600	8.990	-0.001	1085.69	18.0						
7.1800	8.989	-0.001	1087.89	18.0						
7.2000	8.988	-0.001	1090.10	18.0						
7.2200	8.987	0.000	1092.29	18.0						
7.2400	8.986	-0.001	1094.49	18.0						
7.2600	8.985	-0.001	1096.69	18.0						
7.2800	8.985	-0.001	1098.89	18.0						
7.3000	8.983	-0.001	1101.09	18.0						
7.3200	8.983	-0.001	1103.29	18.0						
7.3400	8.982	-0.001	1105.49	18.0						
7.3600	8.980	-0.001	1107.79	18.0						
7.3800	8.980	0.000	1109.99	18.0						
7.4000	8.979	-0.001	1112.18	18.0						
7.4200	8.978	-0.001	1114.39	18.0						
7.4400	8.978	-0.001	1116.58	18.0						
7.4600	8.977	-0.001	1118.78	18.0						
7.4800	8.976	-0.001	1120.99	18.0						
7.5000	8.975	-0.001	1123.18	18.0						
7.5200	8.974	-0.001	1125.38	18.0						
7.5400	8.973	-0.001	1127.58	18.0						
7.5600	8.973	-0.001	1129.78	18.0						
7.5800	8.972	-0.001	1131.98	18.0						
7.6000	8.971	-0.001	1134.18	18.0						
7.6200	8.970	-0.001	1136.37	18.0						
7.6400	8.969	-0.001	1138.57	18.0						
7.6600	8.969	-0.001	1140.78	18.0						
7.6800	8.968	-0.001	1142.97	18.0						
7.7000	8.967	-0.001	1145.17	18.0						
7.7200	8.966	-0.001	1147.38	18.0						
7.7400	8.965	-0.001	1149.57	18.0						
7.7600	8.964	-0.001	1151.77	18.0						
7.7800	8.964	-0.001	1153.97	18.0						
7.8000	8.963	-0.001	1156.17	18.0						
7.8200	8.962	-0.001	1158.37	18.0						
7.8400	8.961	-0.001	1160.57	18.0						
7.8600	8.960	-0.001	1162.77	18.0						
7.8800	8.960	-0.001	1164.96	18.0						
7.9000	8.959	-0.001	1167.17	18.0						
7.9200	8.958	-0.001	1169.36	18.0						
7.9400	8.957	-0.001	1171.56	18.0						
7.9600	8.957	-0.001	1173.77	18.0						
7.9800	8.956	-0.001	1175.96	18.0						
8.0000	8.955	-0.001	1178.16	18.0						
8.0200	8.954	-0.001	1180.36	18.0						
8.0400	8.953	-0.001	1182.56	18.0						
8.0600	8.953	-0.001	1184.76	18.0						
8.0800	8.952	-0.001	1186.96	18.0						
8.1000	8.951	-0.001	1189.16	18.0						
8.1200	8.950	-0.001	1191.35	18.0						
8.1400	8.950	-0.001	1193.56	18.0						
8.1600	8.949	-0.001	1195.75	18.0						
8.1800	8.948	0.000	1197.95	18.0						
8.2000	8.947	-0.001	1200.16	18.0						
8.2200	8.946	-0.001	1202.35	18.0						
8.2400	8.946	-0.001	1204.55	18.0						
8.2600	8.945	-0.001	1206.75	18.0						
8.2800	8.944	-0.001	1208.95	18.0						
8.3000	8.944	-0.001	1211.15	18.0						
8.3200	8.943	-0.001	1213.35	18.0						
8.3400	8.942	-0.001	1215.55	18.0						
8.3600	8.942	-0.001	1217.74	18.0						
8.3800	8.941	-0.001	1219.95	18.0						
8.4000	8.940	-0.001	1222.14	18.0						
8.4200	8.939	-0.001	1224.34	18.0						
8.4400	8.938	-0.001	1226.55	18.0						
8.4600	8.938	-0.001	1228.74	18.0						
8.4800	8.937	-0.001	1230.94	18.0						
8.5000	8.936	-0.001	1233.14	18.0						
8.5200	8.935	-0.001	1235.34	18.0						
8.5400	8.935	-0.001	1237.54	18.0						
8.5600	8.934	-0.001	1239.74	18.0						
8.5800	8.933	-0.001	1241.94	18.0						
8.6000	8.933	-0.001	1244.13	18.0						
8.6200	8.932	-0.001	1246.34	18.0						
8.6400	8.931	-0.001	1248.53	18.0						
8.6600	8.930	-0.001	1250.73	18.0						
8.6800	8.930	-0.001	1252.94	18.0						
8.7000	8.929	-0.001	1255.13	18.0						
8.7200	8.928	-0.001	1257.33	18.0						
8.7400	8.928	-0.001	1259.53	18.0						
8.7600	8.927	-0.001	1261.73	18.0						
8.7800	8.926	-0.001	1263.93	18.0						
8.8000	8.925	-0.001	1266.23	18.0						
8.8200	8.925	-0.001	1268.43	18.0						
8.8400	8.924	-0.001	1270.63	18.0						
8.8600	8.923	0.000	1272.82	18.0						
8.8800	8.923	-0.001	1275.02	18.0						
8.9000	8.922	-0.001	1277.23	18.0						
8.9200	8.921	-0.001	1279.42	18.0						
8.9400	8.921	-0.001	1281.63	18.0						
8.9600	8.920	-0.001	1283.83	18.0						
8.9800	8.919	-0.001	1286.02	18.0						
9.0000	8.919	-0.001	1288.22	18.0						
9.0200	8.918	-0.001	1290.43	18.0						
9.0400	8.917	-0.001	1292.62	18.0						
9.0600	8.916	-0.001	1294.82	18.0						
9.0800	8.916	-0.001	1297.03	18.0						
9.1000	8.915	-0.001	1299.21	18.0						
9.1200	8.914	-0.001	1301.41	18.0						
9.1400	8.914	-0.001	1303.62	18.0						
9.1600	8.913	-0.001	1305.81	18.0						
9.1800	8.912	-0.001	1308.01	18.0						
9.2000	8.911	-0.001	1310.21	18.0						
9.2200	8.911	-0.001	1312.41	18.0						
9.2400	8.910	-0.001	1314.61	18.0						
9.2600	8.910	-0.001	1316.81	18.0						
9.2800	8.909	-0.001	1319.01	18.0						
9.3000	8.908	-0.001	1321.21	18.0						
9.3200	8.907	-0.001	1323.41	18.0						
9.3400	8.907	-0.001	1325.60	18.0						
9.3600	8.906	-0.001	1327.91	18.0						
9.3800	8.906	-0.001	1330.10	18.0						
9.4000	8.905	-0.001	1332.30	18.0						
9.4200	8.904	-0.001	1334.51	18.0						
9.4400	8.904	-0.001	1336.70	18.0						
9.4600	8.903	-0.001	1338.90	18.0						
9.4800	8.902	-0.001	1341.10	18.0						
9.5000	8.902	0.000	1343.30	18.0						
9.5200	8.901	-0.001	1345.50	18.0						
9.5400	8.900	-0.001	1347.70	18.0						
9.5600	8.900	-0.001	1349.90	18.0						
9.5800	8.899	-0.001	1352.09	18.0						
9.6000	8.898	-0.001	1354.30	18.0						
9.6200	8.898	-0.001	1356.49	18.0						
9.6400	8.897	-0.001	1358.69	18.0						
9.6600	8.896	-0.001	1360.90	18.0						
9.6800	8.896	0.000	1363.09	18.0						
9.7000	8.895	-0.001	1365.29	18.0						
9.7200	8.895	-0.001	1367.49	18.0						
9.7400	8.894	-0.001	1369.69	18.0						
9.7600	8.893	-0.001	1371.89	18.0						
9.7800	8.893	-0.001	1374.09	18.0						
9.8000	8.892	-0.001	1376.29	18.0						
9.8200	8.891	-0.001	1378.48	18.0						
9.8400	8.891	-0.001	1380.69	18.0						
9.8600	8.890	-0.001	1382.88	18.0						
9.8800	8.890	-0.001	1385.08	18.0						
9.9000	8.889	-0.001	1387.29	18.0						
9.9200	8.888	-0.001	1389.48	18.0						
9.9400	8.888	-0.001	1391.68	18.0						
9.9600	8.887	0.000	1393.88	18.0						
9.9800	8.886	-0.001	1396.08	18.0						
10.0000	8.886	-0.001	1398.38	18.0						
10.0200	8.885	-0.001	1400.58	18.0						
10.0400	8.884	0.000	1402.78	18.0						
10.0600	8.884	-0.001	1405.08	18.0						
10.0800	8.883	-0.001	1407.28	18.0						
10.1000	8.883	-0.001	1409.57	18.0						
10.1200	8.882	-0.001	1411.77	18.0						
10.1400	8.881	-0.001	1413.98	18.0						
10.1600	8.881	-0.001	1416.17	18.0						
10.1800	8.880	-0.001	1418.37	18.0						
10.2000	8.880	0.000	1420.57	18.0						
10.2200	8.879	-0.001	1422.77	18.0						
10.2400	8.878	0.000	1424.97	18.0						
10.2600	8.878	-0.001	1427.17	18.0						
10.2800	8.877	-0.001	1429.37	18.0						
10.3000	8.877	0.000	1431.67	18.0						
10.3200	8.876	-0.001	1433.87	18.0						
10.3400	8.875	-0.001	1436.06	18.0						
10.3600	8.875	-0.001	1438.27	18.0						
10.3800	8.874	-0.001	1440.46	18.0						
10.4000	8.874	-0.001	1442.66	18.0						
10.4200	8.873	-0.001	1444.86	18.0						
10.4400	8.872	-0.001	1447.06	18.0						
10.4600	8.872	-0.001	1449.26	18.0						
10.4800	8.871	-0.001	1451.46	18.0						
10.5000	8.871	0.000	1453.66	18.0						
10.5200	8.870	-0.001	1455.86	18.0						
10.5400	8.870	0.000	1458.06	18.0						
10.5600	8.869	-0.001	1460.25	18.0						
10.5800	8.868	-0.001	1462.45	18.0						
10.6000	8.868	-0.001	1464.66	18.0						
10.6200	8.867	-0.001	1466.85	18.0						
10.6400	8.867	0.000	1469.05	18.0						
10.6600	8.866	-0.001	1471.26	18.0						
10.6800	8.866	0.000	1473.46	18.0						
10.7000	8.865	-0.001	1475.65	18.0						
10.7200	8.864	-0.001	1477.86	18.0						
10.7400	8.864	-0.001	1480.05	18.0						
10.7600	8.863	-0.001	1482.25	18.0						
10.7800	8.862	-0.001	1484.46	18.0						
10.8000	8.862	-0.001	1486.64	18.0						
10.8200	8.861	-0.001	1488.84	18.0						
10.8400	8.861	-0.001	1491.05	18.0						
10.8600	8.860	-0.001	1493.24	18.0						
10.8800	8.860	-0.001	1495.44	18.0						
10.9000	8.859	0.000	1497.65	18.0						
10.9200	8.858	-0.001	1499.84	18.0						
10.9400	8.858	-0.001	1502.04	18.0						
10.9600	8.857	0.000	1504.24	18.0						
10.9800	8.857	-0.001	1506.44	18.0						
11.0000	8.856	-0.001	1508.64	18.0						
11.0200	8.856	0.000	1510.84	18.0						
11.0400	8.855	-0.001	1513.04	18.0						
11.0600	8.854	-0.001	1515.23	18.0						
11.0800	8.854	0.000	1517.44	18.0						
11.1000	8.853	-0.001	1519.63	18.0						
11.1200	8.853	-0.001	1521.94	18.0						
11.1400	8.852	0.000	1524.13	18.0						
11.1600	8.852	-0.001	1526.33	18.0						
11.1800	8.851	0.000	1528.53	18.0						
11.2000	8.850	-0.001	1530.73	18.0						
11.2200	8.850	0.000	1532.93	18.0						
11.2400	8.849	-0.001	1535.13	18.0						
11.2600	8.849	-0.001	1537.33	18.0						
11.2800	8.848	-0.001	1539.53	18.0						
11.3000	8.848	-0.001	1541.73	18.0						
11.3200	8.847	0.000	1543.92	18.0						
11.3400	8.847	-0.001	1546.12	18.0						
11.3600	8.846	0.000	1548.33	18.0						
11.3800	8.846	-0.001	1550.52	18.0						
11.4000	8.845	-0.001	1552.72	18.0						
11.4200	8.844	-0.001	1554.92	18.0						
11.4400	8.844	0.000	1557.12	18.0						
11.4600	8.843	-0.001	1559.32	18.0						
11.4800	8.843	0.000	1561.52	18.0						
11.5000	8.842	-0.001	1563.72	18.0						
11.5200	8.842	-0.001	1565.92	18.0						
11.5400	8.841	-0.001	1568.12	18.0						
11.5600	8.841	0.000	1570.31	18.0						
11.5800	8.840	-0.001	1572.51	18.0						
11.6000	8.839	-0.001	1574.81	18.0						
11.6200	8.839	0.000	1577.01	18.0						
11.6400	8.838	-0.001	1579.22	18.0						
11.6600	8.838	0.000	1581.41	18.0						
11.6800	8.837	-0.001	1583.61	18.0						
11.7000	8.837	-0.001	1585.81	18.0						
11.7200	8.836	-0.001	1588.01	18.0						
11.7400	8.835	-0.001	1590.21	18.0						
11.7600	8.835	0.000	1592.41	18.0						
11.7800	8.835	-0.001	1594.71	18.0						
11.8000	8.834	-0.001	1596.91	18.0						
11.8200	8.833	-0.001	1599.10	18.0						
11.8400	8.833	0.000	1601.30	18.0						
11.8600	8.833	0.000	1603.51	18.0						
11.8800	8.832	-0.001	1605.70	18.0						
11.9000	8.831	-0.001	1607.90	18.0						
11.9200	8.831	-0.001	1610.10	18.0						
11.9400	8.830	0.000	1612.40	18.0						
11.9600	8.830	-0.001	1614.60	18.0						
11.9800	8.829	0.000	1616.80	18.0						
12.0000	8.829	-0.001	1619.00	18.0						
12.0200	8.828	-0.001	1621.20	18.0						
12.0400	8.828	0.000	1623.39	18.0						
12.0600	8.827	0.000	1625.59	18.0						
12.0800	8.827	-0.001	1627.80	18.0						
12.1000	8.826	-0.001	1630.09	18.0						
12.1200	8.826	0.000	1632.30	18.0						
12.1400	8.825	-0.001	1634.49	18.0						
12.1600	8.825	-0.001	1636.69	18.0						
12.1800	8.824	0.000	1638.99	18.0						
12.2000	8.824	0.000	1641.19	18.0						
12.2200	8.823	-0.001	1643.39	18.0						
12.2400	8.822	-0.001	1645.59	18.0						
12.2600	8.822	0.000	1647.79	18.0						
12.2800	8.822	-0.001	1649.99	18.0						
12.3000	8.821	0.000	1652.18	18.0						
12.3200	8.821	-0.001	1654.38	18.0						
12.3400	8.820	-0.001	1656.59	18.0						
12.3600	8.820	0.000	1658.78	18.0						
12.3800	8.819	-0.001	1660.98	18.0						
12.4000	8.819	0.000	1663.18	18.0						
12.4200	8.818	0.000	1665.38	18.0						
12.4400	8.817	-0.001	1667.58	18.0						
12.4600	8.817	0.000	1669.78	18.0						
12.4800	8.817	-0.001	1671.98	18.0						
12.5000	8.816	0.000	1674.28	18.0						
12.5200	8.815	-0.001	1676.57	18.0						
12.5400	8.815	0.000	1678.78	18.0						
12.5600	8.815	0.000	1680.97	18.0						
12.5800	8.814	-0.001	1683.17	18.0						
12.6000	8.813	-0.001	1685.38	18.0						
12.6200	8.813	0.000	1687.57	18.0						
12.6400	8.813	0.000	1689.87	18.0						
12.6600	8.812	-0.001	1692.07	18.0						
12.6800	8.812	0.000	1694.27	18.0						
12.7000	8.811	-0.001	1696.47	18.0						
12.7200	8.810	-0.001	1698.77	18.0						
12.7400	8.810	0.000	1700.97	18.0						
12.7600	8.810	0.000	1703.16	18.0						
12.7800	8.809	-0.001	1705.36	18.0						
12.8000	8.809	0.000	1707.57	18.0						
12.8200	8.808	-0.001	1709.76	18.0						
12.8400	8.807	-0.001	1711.96	18.0						
12.8600	8.807	0.000	1714.16	18.0						
12.8800	8.807	0.000	1716.46	18.0						
12.9000	8.806	0.000	1718.66	18.0						
12.9200	8.805	-0.001	1720.86	18.0						
12.9400	8.805	-0.001	1723.06	18.0						
12.9600	8.805	0.000	1725.26	18.0						
12.9800	8.804	-0.001	1727.46	18.0						
13.0000	8.803	-0.001	1729.65	18.0						
13.0200	8.803	-0.001	1731.86	18.0						
13.0400	8.802	0.000	1734.05	18.0						
13.0600	8.802	0.000	1736.25	18.0						
13.0800	8.802	0.000	1738.46	18.0						
13.1000	8.801	-0.001	1740.65	18.0						
13.1200	8.801	-0.001	1742.85	18.0						
13.1400	8.800	0.000	1745.05	18.0						
13.1600	8.800	0.000	1747.25	18.0						
13.1800	8.799	0.000	1749.45	18.0						
13.2000	8.799	-0.001	1751.65	18.0						
13.2200	8.798	0.000	1753.85	18.0						
13.2400	8.798	0.000	1756.04	18.0						
13.2600	8.797	-0.001	1758.25	18.0						
13.2800	8.797	0.000	1760.44	18.0						
13.3000	8.797	0.000	1762.64	18.0						
13.3200	8.796	-0.001	1764.85	18.0						
13.3400	8.795	0.000	1767.04	18.0						
13.3600	8.795	0.000	1769.24	18.0						
13.3800	8.794	-0.001	1771.44	18.0						
13.4000	8.794	-0.001	1773.64	18.0						
13.4200	8.794	0.000	1775.84	18.0						
13.4400	8.793	0.000	1778.04	18.0						
13.4600	8.792	-0.001	1780.24	18.0						
13.4800	8.792	0.000	1782.44	18.0						
13.5000	8.792	-0.001	1784.64	18.0						
13.5200	8.791	-0.001	1786.83	18.0						
13.5400	8.791	0.000	1789.03	18.0						
13.5600	8.790	0.000	1791.33	18.0						
13.5800	8.790	-0.001	1793.64	18.0						
13.6000	8.789	0.000	1795.83	18.0						
13.6200	8.789	0.000	1798.03	18.0						
13.6400	8.788	-0.001	1800.33	18.0						
13.6600	8.788	-0.001	1802.53	18.0						
13.6800	8.787	0.000	1804.73	18.0						
13.7000	8.787	-0.001	1807.03	18.0						
13.7200	8.786	0.000	1809.23	18.0						
13.7400	8.786	0.000	1811.42	18.0						
13.7600	8.785	0.000	1813.62	18.0						
13.7800	8.785	0.000	1815.83	18.0						
13.8000	8.785	0.000	1818.02	18.0						
13.8200	8.784	0.000	1820.22	18.0						
13.8400	8.784	0.000	1822.42	18.0						
13.8600	8.783	0.000	1824.62	18.0						
13.8800	8.783	0.000	1826.82	18.0						
13.9000	8.782	0.000	1829.12	18.0						
13.9200	8.782	0.000	1831.32	18.0						
13.9400	8.781	-0.001	1833.52	18.0						
13.9600	8.781	0.000	1835.72	18.0						
13.9800	8.781	0.000	1837.91	18.0						
14.0000	8.780	-0.001	1840.12	18.0						
14.0200	8.780	0.000	1842.31	18.0						
14.0400	8.779	0.000	1844.51	18.0						
14.0600	8.779	-0.001	1846.72	18.0						
14.0800	8.778	0.000	1848.91	18.0						
14.1000	8.778	0.000	1851.11	18.0						
14.1200	8.777	0.000	1853.31	18.0						
14.1400	8.777	-0.001	1855.61	18.0						
14.1600	8.776	0.000	1857.81	18.0						
14.1800	8.776	-0.001	1860.01	18.0						
14.2000	8.776	0.000	1862.21	18.0						
14.2200	8.775	-0.001	1864.41	18.0						
14.2400	8.775	0.000	1866.60	18.0						
14.2600	8.774	-0.001	1868.80	18.0						
14.2800	8.774	0.000	1871.01	18.0						
14.3000	8.773	0.000	1873.20	18.0						
14.3200	8.773	-0.001	1875.40	18.0						
14.3400	8.772	0.000	1877.60	18.0						
14.3600	8.772	0.000	1879.80	18.0						
14.3800	8.771	-0.001	1882.00	18.0						
14.4000	8.771	0.000	1884.30	18.0						
14.4200	8.770	0.000	1886.50	18.0						
14.4400	8.770	0.000	1888.70	18.0						
14.4600	8.770	0.000	1891.00	18.0						
14.4800	8.769	0.000	1893.20	18.0						
14.5000	8.769	-0.001	1895.39	18.0						
14.5200	8.768	0.000	1897.60	18.0						
14.5400	8.768	0.000	1899.89	18.0						
14.5600	8.767	0.000	1902.09	18.0						
14.5800	8.767	-0.001	1904.29	18.0						
14.6000	8.767	0.000	1906.49	18.0						
14.6200	8.766	-0.001	1908.69	18.0						
14.6400	8.766	0.000	1910.99	18.0						
14.6600	8.765	0.000	1913.19	18.0						
14.6800	8.765	0.000	1915.39	18.0						
14.7000	8.764	0.000	1917.59	18.0						
14.7200	8.764	-0.001	1919.78	18.0						
14.7400	8.764	0.000	1921.99	18.0						
14.7600	8.763	-0.001	1924.28	18.0						
14.7800	8.763	0.000	1926.49	18.0						
14.8000	8.762	0.000	1928.68	18.0						
14.8200	8.762	0.000	1930.88	18.0						
14.8400	8.761	0.000	1933.08	18.0						
14.8600	8.761	-0.001	1935.28	18.0						
14.8800	8.760	0.000	1937.48	18.0						
14.9000	8.760	0.000	1939.68	18.0						
14.9200	8.760	0.000	1941.88	18.0						
14.9400	8.759	-0.001	1944.08	18.0						
14.9600	8.759	0.000	1946.28	18.0						
14.9800	8.758	0.000	1948.47	18.0						
15.0000	8.758	0.000	1950.67	18.0						
15.0200	8.757	0.000	1952.88	18.0						
15.0400	8.757	0.000	1955.07	18.0						
15.0600	8.757	0.000	1957.27	18.0						
15.0800	8.756	-0.001	1959.47	18.0						
15.1000	8.756	0.000	1961.67	18.0						
15.1200	8.755	0.000	1963.87	18.0						
15.1400	8.755	-0.001	1966.07	18.0						
15.1600	8.754	0.000	1968.27	18.0						
15.1800	8.754	0.000	1970.47	18.0						
15.2000	8.754	0.000	1972.67	18.0						
15.2200	8.753	0.000	1974.86	18.0						
15.2400	8.753	0.000	1977.06	18.0						
15.2600	8.752	0.000	1979.27	18.0						
15.2800	8.752	-0.001	1981.46	18.0						
15.3000	8.751	0.000	1983.66	18.0						
15.3200	8.751	0.000	1985.86	18.0						
15.3400	8.750	-0.001	1988.06	18.0						
15.3600	8.750	0.000	1990.26	18.0						
15.3800	8.750	0.000	1992.46	18.0						
15.4000	8.750	0.000	1994.76	18.0						
15.4200	8.749	0.000	1996.96	18.0						
15.4400	8.748	-0.001	1999.15	18.0						
15.4600	8.748	-0.001	2001.46	18.0						
15.4800	8.748	0.000	2003.65	18.0						
15.5000	8.747	0.000	2005.85	18.0						
15.5200	8.747	0.000	2008.06	18.0						
15.5400	8.746	0.000	2010.25	18.0						
15.5600	8.746	-0.001	2012.45	18.0						
15.5800	8.745	0.000	2014.75	18.0						
15.6000	8.745	0.000	2016.95	18.0						
15.6200	8.745	0.000	2019.25	18.0						
15.6400	8.744	0.000	2021.45	18.0						
15.6600	8.744	-0.001	2023.65	18.0						
15.6800	8.743	0.000	2025.84	18.0						
15.7000	8.743	0.000	2028.04	18.0						
15.7200	8.743	0.000	2030.25	18.0						
15.7400	8.742	0.000	2032.45	18.0						
15.7600	8.742	-0.001	2034.75	18.0						
15.7800	8.742	0.000	2036.94	18.0						
15.8000	8.741	0.000	2039.14	18.0						
15.8200	8.741	0.000	2041.44	18.0						
15.8400	8.741	0.000	2043.64	18.0						
15.8600	8.740	-0.001	2045.84	18.0						
15.8800	8.739	-0.001	2048.04	18.0						
15.9000	8.739	0.000	2050.24	18.0						
15.9200	8.739	0.000	2052.44	18.0						
15.9400	8.738	0.000	2054.63	18.0						
15.9600	8.738	0.000	2056.83	18.0						
15.9800	8.737	0.000	2059.04	18.0						
16.0000	8.737	0.000	2061.23	18.0						
16.0200	8.737	-0.001	2063.43	18.0						
16.0400	8.736	0.000	2065.63	18.0						
16.0600	8.736	0.000	2067.83	18.0						
16.0800	8.735	-0.001	2070.13	18.0						
16.1000	8.735	0.000	2072.33	18.0						
16.1200	8.735	0.000	2074.53	18.0						
16.1400	8.734	0.000	2076.83	18.0						
16.1600	8.734	0.000	2079.03	18.0						
16.1800	8.733	0.000	2081.32	18.0						
16.2000	8.733	0.000	2083.52	18.0						
16.2200	8.733	0.000	2085.73	18.0						
16.2400	8.732	0.000	2087.92	18.0						
16.2600	8.732	0.000	2090.12	18.0						
16.2800	8.732	0.000	2092.32	18.0						
16.3000	8.731	0.000	2094.52	18.0						
16.3200	8.731	0.000	2096.82	18.0						
16.3400	8.730	0.000	2099.02	18.0						
16.3600	8.730	0.000	2101.32	18.0						
16.3800	8.729	0.000	2103.52	18.0						
16.4000	8.729	0.000	2105.72	18.0						
16.4200	8.729	0.000	2107.92	18.0						
16.4400	8.728	-0.001	2110.11	18.0						
16.4600	8.728	0.000	2112.31	18.0						
16.4800	8.727	0.000	2114.52	18.0						
16.5000	8.727	-0.001	2116.71	18.0						
16.5200	8.726	0.000	2118.91	18.0						
16.5400	8.726	0.000	2121.11	18.0						
16.5600	8.726	0.000	2123.31	18.0						
16.5800	8.725	-0.001	2125.51	18.0						
16.6000	8.726	0.000	2127.71	18.0						
16.6200	8.725	-0.001	2129.91	18.0						
16.6400	8.724	-0.001	2132.10	18.0						
16.6600	8.724	0.000	2134.31	18.0						
16.6800	8.723	0.000	2136.50	18.0						
16.7000	8.723	0.000	2138.70	18.0						
16.7200	8.723	0.000	2140.91	18.0						
16.7400	8.722	0.000	2143.10	18.0						
16.7600	8.722	0.000	2145.40	18.0						
16.7800	8.721	0.000	2147.60	18.0						
16.8000	8.721	0.000	2149.80	18.0						
16.8200	8.721	0.000	2152.00	18.0						
16.8400	8.720	0.000	2154.20	18.0						
16.8600	8.720	0.000	2156.50	18.0						
16.8800	8.720	0.000	2158.70	18.0						
16.9000	8.719	0.000	2161.00	18.0						
16.9200	8.719	0.000	2163.19	18.0						
16.9400	8.719	0.000	2165.39	18.0						
16.9600	8.718	0.000	2167.60	18.0						
16.9800	8.718	-0.001	2169.79	18.0						
17.0000	8.717	0.000	2171.99	18.0						
17.0200	8.717	-0.001	2174.19	18.0						
17.0400	8.717	0.000	2176.39	18.0						
17.0600	8.716	-0.001	2178.69	18.0						
17.0800	8.716	0.000	2180.89	18.0						
17.1000	8.715	0.000	2183.19	18.0						
17.1200	8.715	0.000	2185.39	18.0						
17.1400	8.715	0.000	2187.58	18.0						
17.1600	8.714	0.000	2189.79	18.0						
17.1800	8.714	-0.001	2191.98	18.0						
17.2000	8.713	0.000	2194.18	18.0						
17.2200	8.713	-0.001	2196.39	18.0						
17.2400	8.713	0.000	2198.59	18.0						
17.2600	8.712	-0.001	2200.79	18.0						
17.2800	8.712	0.000	2202.99	18.0						
17.3000	8.711	0.000	2205.28	18.0						
17.3200	8.711	0.000	2207.49	18.0						
17.3400	8.711	0.000	2209.68	18.0						
17.3600	8.710	0.000	2211.88	18.0						
17.3800	8.710	-0.001	2214.09	18.0						
17.4000	8.709	0.000	2216.27	18.0						
17.4200	8.709	0.000	2218.47	18.0						
17.4400	8.709	0.000	2220.68	18.0						
17.4600	8.708	0.000	2222.87	18.0						
17.4800	8.708	0.000	2225.07	18.0						
17.5000	8.708	0.000	2227.27	18.0						
17.5200	8.707	0.000	2229.47	18.0						
17.5400	8.707	-0.001	2231.67	18.0						
17.5600	8.707	0.000	2233.87	18.0						
17.5800	8.706	0.000	2236.07	18.0						
17.6000	8.706	0.000	2238.27	18.0						
17.6200	8.706	0.000	2240.47	18.0						
17.6400	8.705	0.000	2242.66	18.0						
17.6600	8.705	-0.001	2244.86	18.0						
17.6800	8.704	0.000	2247.07	18.0						
17.7000	8.704	0.000	2249.26	18.0						
17.7200	8.704	0.000	2251.46	18.0						
17.7400	8.703	0.000	2253.66	18.0						
17.7600	8.703	0.000	2255.86	18.0						
17.7800	8.703	0.000	2258.06	18.0						
17.8000	8.702	0.000	2260.26	18.0						
17.8200	8.702	-0.001	2262.46	18.0						
17.8400	8.701	-0.001	2264.76	18.0						
17.8600	8.701	0.000	2266.96	18.0						
17.8800	8.701	0.000	2269.15	18.0						
17.9000	8.701	0.000	2271.36	18.0						
17.9200	8.700	0.000	2273.55	18.0						
17.9400	8.700	-0.001	2275.75	18.0						
17.9600	8.699	0.000	2277.96	18.0						
17.9800	8.699	0.000	2280.15	18.0						
18.0000	8.699	0.000	2282.35	18.0						
18.0200	8.698	-0.001	2284.55	18.0						
18.0400	8.698	0.000	2286.75	18.0						
18.0600	8.697	-0.001	2288.95	18.0						
18.0800	8.697	0.000	2291.15	18.0						
18.1000	8.697	0.000	2293.35	18.0						
18.1200	8.696	-0.001	2295.65	18.0						
18.1400	8.696	0.000	2297.85	18.0						
18.1600	8.696	0.000	2300.04	18.0						
18.1800	8.695	0.000	2302.25	18.0						
18.2000	8.695	0.000	2304.44	18.0						
18.2200	8.694	-0.001	2306.64	18.0						
18.2400	8.694	0.000	2308.84	18.0						
18.2600	8.694	0.000	2311.04	18.0						
18.2800	8.693	0.000	2313.24	18.0						
18.3000	8.693	0.000	2315.44	18.0						
18.3200	8.693	0.000	2317.64	18.0						
18.3400	8.692	0.000	2319.84	18.0						
18.3600	8.692	0.000	2322.04	18.0						
18.3800	8.692	0.000	2324.23	18.0						
18.4000	8.691	-0.001	2326.43	18.0						
18.4200	8.691	0.000	2328.64	18.0						
18.4400	8.691	0.000	2330.83	18.0						
18.4600	8.690	0.000	2333.14	18.0						
18.4800	8.690	0.000	2335.33	18.0						
18.5000	8.689	0.000	2337.53	18.0						
18.5200	8.689	0.000	2339.73	18.0						
18.5400	8.688	-0.001	2341.93	18.0						
18.5600	8.688	0.000	2344.13	18.0						
18.5800	8.688	0.000	2346.33	18.0						
18.6000	8.688	0.000	2348.52	18.0						
18.6200	8.687	0.000	2350.72	18.0						
18.6400	8.687	0.000	2352.93	18.0						
18.6600	8.687	0.000	2355.12	18.0						
18.6800	8.686	-0.001	2357.32	18.0						
18.7000	8.686	0.000	2359.53	18.0						
18.7200	8.685	0.000	2361.73	18.0						
18.7400	8.685	0.000	2363.92	18.0						
18.7600	8.685	0.000	2366.13	18.0						
18.7800	8.684	0.000	2368.32	18.0						
18.8000	8.684	0.000	2370.52	18.0						
18.8200	8.684	0.000	2372.73	18.0						
18.8400	8.683	0.000	2375.02	18.0						
18.8600	8.683	0.000	2377.23	18.0						
18.8800	8.683	0.000	2379.51	18.0						
18.9000	8.682	0.000	2381.72	18.0						
18.9200	8.682	0.000	2383.91	18.0						
18.9400	8.681	-0.001	2386.11	18.0						
18.9600	8.681	0.000	2388.31	18.0						
18.9800	8.681	0.000	2390.61	18.0						
19.0000	8.680	-0.001	2392.81	18.0						
19.0200	8.680	0.000	2395.01	18.0						
19.0400	8.680	0.000	2397.21	18.0						
19.0600	8.679	0.000	2399.51	18.0						
19.0800	8.679	0.000	2401.71	18.0						
19.1000	8.679	0.000	2403.91	18.0						
19.1200	8.678	0.000	2406.10	18.0						
19.1400	8.678	0.000	2408.30	18.0						
19.1600	8.678	-0.001	2410.51	18.0						
19.1800	8.677	0.000	2412.70	18.0						
19.2000	8.677	0.000	2414.90	18.0						
19.2200	8.676	0.000	2417.10	18.0						
19.2400	8.676	0.000	2419.30	18.0						
19.2600	8.676	0.000	2421.50	18.0						
19.2800	8.675	0.000	2423.70	18.0						
19.3000	8.675	0.000	2425.90	18.0						
19.3200	8.675	-0.001	2428.10	18.0						
19.3400	8.674	0.000	2430.30	18.0						
19.3600	8.674	0.000	2432.49	18.0						
19.3800	8.673	-0.001	2434.69	18.0						
19.4000	8.673	0.000	2436.90	18.0						
19.4200	8.673	0.000	2439.09	18.0						
19.4400	8.673	0.000	2441.29	18.0						
19.4600	8.672	0.000	2443.49	18.0						
19.4800	8.672	0.000	2445.69	18.0						
19.5000	8.672	0.000	2447.89	18.0						
19.5200	8.671	0.000	2450.09	18.0						
19.5400	8.671	0.000	2452.29	18.0						
19.5600	8.671	0.000	2454.49	18.0						
19.5800	8.670	0.000	2456.69	18.0						
19.6000	8.670	0.000	2458.88	18.0						
19.6200	8.670	0.000	2461.08	18.0						
19.6400	8.669	0.000	2463.29	18.0						
19.6600	8.669	0.000	2465.48	18.0						
19.6800	8.669	0.000	2467.68	18.0						
19.7000	8.669	0.000	2469.98	18.0						
19.7200	8.668	-0.001	2472.18	18.0						
19.7400	8.668	0.000	2474.48	18.0						
19.7600	8.667	-0.001	2476.68	18.0						
19.7800	8.667	0.000	2478.88	18.0						
19.8000	8.667	-0.001	2481.08	18.0						
19.8200	8.666	0.000	2483.27	18.0						
19.8400	8.666	0.000	2485.48	18.0						
19.8600	8.665	-0.001	2487.67	18.0						
19.8800	8.665	0.000	2489.87	18.0						
19.9000	8.665	0.000	2492.08	18.0						
19.9200	8.665	0.000	2494.27	18.0						
19.9400	8.664	0.000	2496.47	18.0						
19.9600	8.664	0.000	2498.67	18.0						
19.9800	8.664	0.000	2500.87	18.0						
20.0000	8.663	-0.001	2503.27	18.0						
20.0200	8.668	0.005	2526.66	18.0						
20.0400	8.668	0.000	2528.86	18.0						
20.0600	8.668	0.000	2531.06	18.0						
20.0800	8.668	0.000	2533.36	18.0						
20.1000	8.667	-0.001	2535.56	18.0						
20.1200	8.666	-0.001	2537.75	18.0						
20.1400	8.665	-0.001	2539.95	18.0						
20.1600	8.663	-0.001	2542.16	18.0						
20.1800	8.662	-0.001	2544.35	18.0						
20.2000	8.661	-0.001	2546.56	18.0						
20.2200	8.661	-0.001	2548.76	18.0						
20.2400	8.660	-0.001	2550.96	18.0						
20.2600	8.660	0.000	2553.15	18.0						
20.2800	8.659	0.000	2555.36	18.0						
20.3000	8.659	0.000	2557.55	18.0						
20.3200	8.659	0.000	2559.75	18.0						
20.3400	8.658	-0.001	2561.96	18.0						
20.3600	8.658	0.000	2564.14	18.0						
20.3800	8.658	0.000	2566.46	18.0						
20.4000	8.657	0.000	2568.64	18.0						
20.4200	8.657	0.000	2570.84	18.0						
20.4400	8.657	0.000	2573.05	18.0						
20.4600	8.656	0.000	2575.24	18.0						
20.4800	8.656	-0.001	2577.44	18.0						
20.5000	8.656	0.000	2579.64	18.0						
20.5200	8.655	0.000	2581.84	18.0						
20.5400	8.655	-0.001	2584.04	18.0						
20.5600	8.655	0.000	2586.24	18.0						
20.5800	8.655	0.000	2588.44	18.0						
20.6000	8.654	0.000	2590.63	18.0						
20.6200	8.654	0.000	2592.84	18.0						
20.6400	8.654	0.000	2595.03	18.0						
20.6600	8.653	0.000	2597.34	18.0						
20.6800	8.653	-0.001	2599.53	18.0						
20.7000	8.653	0.000	2601.73	18.0						
20.7200	8.652	0.000	2603.93	18.0						
20.7400	8.652	0.000	2606.23	18.0						
20.7600	8.652	0.000	2608.43	18.0						
20.7800	8.652	0.000	2610.63	18.0						
20.8000	8.651	0.000	2612.83	18.0						
20.8200	8.651	0.000	2615.03	18.0						
20.8400	8.651	0.000	2617.23	18.0						
20.8600	8.650	-0.001	2619.42	18.0						
20.8800	8.650	0.000	2621.63	18.0						
20.9000	8.649	0.000	2623.82	18.0						
20.9200	8.649	0.000	2626.02	18.0						
20.9400	8.649	0.000	2628.23	18.0						
20.9600	8.648	0.000	2630.42	18.0						
20.9800	8.648	0.000	2632.62	18.0						
21.0000	8.648	0.000	2634.82	18.0						
21.0200	8.647	-0.001	2637.12	18.0						
21.0400	8.647	0.000	2639.32	18.0						
21.0600	8.647	0.000	2641.52	18.0						
21.0800	8.646	0.000	2643.72	18.0						
21.1000	8.646	0.000	2645.92	18.0						
21.1200	8.646	0.000	2648.11	18.0						
21.1400	8.645	0.000	2650.31	18.0						
21.1600	8.645	-0.001	2652.52	18.0						
21.1800	8.645	0.000	2654.71	18.0						
21.2000	8.644	0.000	2656.91	18.0						
21.2200	8.644	0.000	2659.11	18.0						
21.2400	8.644	0.000	2661.31	18.0						
21.2600	8.643	0.000	2663.51	18.0						
21.2800	8.643	0.000	2665.71	18.0						
21.3000	8.643	0.000	2667.91	18.0						
21.3200	8.642	0.000	2670.10	18.0						
21.3400	8.642	0.000	2672.31	18.0						
21.3600	8.642	0.000	2674.50	18.0						
21.3800	8.641	0.000	2676.70	18.0						
21.4000	8.641	-0.001	2678.91	18.0						
21.4200	8.641	0.000	2681.10	18.0						
21.4400	8.640	0.000	2683.30	18.0						
21.4600	8.640	0.000	2685.50	18.0						
21.4800	8.640	0.000	2687.70	18.0						
21.5000	8.640	0.000	2689.90	18.0						
21.5200	8.639	0.000	2692.10	18.0						
21.5400	8.639	-0.001	2694.30	18.0						
21.5600	8.638	0.000	2696.50	18.0						
21.5800	8.638	0.000	2698.70	18.0						
21.6000	8.638	0.000	2700.89	18.0						
21.6200	8.637	0.000	2703.09	18.0						
21.6400	8.637	0.000	2705.30	18.0						
21.6600	8.637	0.000	2707.49	18.0						
21.6800	8.636	0.000	2709.69	18.0						
21.7000	8.636	0.000	2711.89	18.0						
21.7200	8.636	0.000	2714.09	18.0						
21.7400	8.636	0.000	2716.39	18.0						
21.7600	8.635	0.000	2718.59	18.0						
21.7800	8.635	0.000	2720.79	18.0						
21.8000	8.635	-0.001	2722.99	18.0						
21.8200	8.635	0.001	2725.18	18.0						
21.8400	8.637	0.002	2727.38	18.0						
21.8600	8.638	0.001	2729.59	18.0						
21.8800	8.639	0.001	2731.79	18.0						
21.9000	8.640	0.001	2734.09	18.0						
21.9200	8.640	0.000	2736.38	18.0						
21.9400	8.639	-0.001	2738.59	18.0						
21.9600	8.637	-0.002	2740.78	18.0						
21.9800	8.636	-0.001	2742.98	18.0						
22.0000	8.634	-0.002	2745.18	18.0						
22.0200	8.634	-0.001	2747.38	18.0						
22.0400	8.633	-0.001	2749.58	18.0						
22.0600	8.632	0.000	2751.78	18.0						
22.0800	8.632	-0.001	2753.97	18.0						
22.1000	8.631	-0.001	2756.17	18.0						
22.1200	8.631	-0.001	2758.38	18.0						
22.1400	8.630	0.000	2760.57	18.0						
22.1600	8.630	-0.001	2762.77	18.0						
22.1800	8.630	0.000	2764.98	18.0						
22.2000	8.629	0.000	2767.17	18.0						
22.2200	8.629	0.000	2769.37	18.0						
22.2400	8.629	0.000	2771.67	18.0						
22.2600	8.628	0.000	2773.97	18.0						
22.2800	8.628	0.000	2776.17	18.0						
22.3000	8.628	0.000	2778.36	18.0						
22.3200	8.627	0.000	2780.57	18.0						
22.3400	8.627	0.000	2782.76	18.0						
22.3600	8.627	0.000	2784.96	18.0						
22.3800	8.627	0.000	2787.17	18.0						
22.4000	8.626	0.000	2789.46	18.0						
22.4200	8.626	0.000	2791.67	18.0						
22.4400	8.626	0.000	2793.86	18.0						
22.4600	8.626	0.000	2796.06	18.0						
22.4800	8.625	0.000	2798.26	18.0						
22.5000	8.625	-0.001	2800.46	18.0						
22.5200	8.624	0.000	2802.76	18.0						
22.5400	8.625	0.000	2804.96	18.0						
22.5600	8.624	0.000	2807.15	18.0						
22.5800	8.623	-0.001	2809.36	18.0						
22.6000	8.623	0.000	2811.55	18.0						
22.6200	8.623	0.000	2813.95	18.0						
22.6400	8.623	0.000	2816.15	18.0						
22.6600	8.622	0.000	2818.35	18.0						
22.6800	8.622	-0.001	2820.55	18.0						
22.7000	8.622	0.000	2822.75	18.0						
22.7200	8.621	-0.001	2824.95	18.0						
22.7400	8.621	0.000	2827.15	18.0						
22.7600	8.620	-0.001	2829.35	18.0						
22.7800	8.620	-0.001	2831.55	18.0						
22.8000	8.620	0.000	2833.74	18.0						
22.8200	8.620	0.000	2836.05	18.0						
22.8400	8.619	0.000	2838.24	18.0						
22.8600	8.619	0.000	2840.44	18.0						
22.8800	8.619	0.000	2842.65	18.0						
22.9000	8.618	-0.001	2844.94	18.0						
22.9200	8.618	0.000	2847.14	18.0						
22.9400	8.618	0.000	2849.44	18.0						
22.9600	8.617	-0.001	2851.64	18.0						
22.9800	8.617	0.000	2853.84	18.0						
23.0000	8.617	0.000	2856.04	18.0						
23.0200	8.616	0.000	2858.24	18.0						
23.0400	8.616	0.000	2860.43	18.0						
23.0600	8.616	-0.001	2862.63	18.0						
23.0800	8.615	0.000	2864.84	18.0						
23.1000	8.615	0.000	2867.03	18.0						
23.1200	8.614	-0.001	2869.23	18.0						
23.1400	8.614	0.000	2871.53	18.0						
23.1600	8.614	-0.001	2873.73	18.0						
23.1800	8.614	0.000	2876.03	18.0						
23.2000	8.613	0.000	2878.23	18.0						
23.2200	8.613	0.000	2880.43	18.0						
23.2400	8.612	0.000	2882.73	18.0						
23.2600	8.612	0.000	2884.93	18.0						
23.2800	8.611	-0.001	2887.12	18.0						
23.3000	8.612	0.000	2889.33	18.0						
23.3200	8.612	0.000	2891.53	18.0						
23.3400	8.611	-0.001	2893.72	18.0						
23.3600	8.611	0.000	2895.93	18.0						
23.3800	8.610	0.000	2898.13	18.0						
23.4000	8.610	0.000	2900.42	18.0						
23.4200	8.610	0.000	2902.63	18.0						
23.4400	8.610	0.000	2904.82	18.0						
23.4600	8.609	0.000	2907.02	18.0						
23.4800	8.609	0.000	2909.32	18.0						
23.5000	8.609	0.000	2911.52	18.0						
23.5200	8.608	-0.001	2913.73	18.0						
23.5400	8.608	0.000	2916.01	18.0						
23.5600	8.608	0.000	2918.22	18.0						
23.5800	8.608	0.000	2920.41	18.0						
23.6000	8.607	-0.001	2922.61	18.0						
23.6200	8.607	0.000	2924.82	18.0						
23.6400	8.607	0.000	2927.01	18.0						
23.6600	8.606	0.000	2929.21	18.0						
23.6800	8.606	0.000	2931.41	18.0						
23.7000	8.606	0.000	2933.61	18.0						
23.7200	8.605	0.000	2935.81	18.0						
23.7400	8.605	0.000	2938.01	18.0						
23.7600	8.605	0.000	2940.20	18.0						
23.7800	8.604	0.000	2942.40	18.0						
23.8000	8.604	-0.001	2944.61	18.0						
23.8200	8.604	0.000	2946.80	18.0						
23.8400	8.603	0.000	2949.00	18.0						
23.8600	8.603	0.000	2951.20	18.0						
23.8800	8.603	0.000	2953.40	18.0						
23.9000	8.603	0.000	2955.60	18.0						
23.9200	8.602	-0.001	2957.80	18.0						
23.9400	8.602	0.000	2960.00	18.0						
23.9600	8.601	-0.001	2962.20	18.0						
23.9800	8.601	0.000	2964.40	18.0						
24.0000	8.601	0.000	2966.69	18.0						
24.0200	8.601	0.000	2968.90	18.0						
24.0400	8.601	0.000	2971.09	18.0						
24.0600	8.601	0.000	2973.29	18.0						
24.0800	8.600	-0.001	2975.50	18.0						
24.1000	8.599	0.000	2977.69	18.0						
24.1200	8.599	0.000	2979.89	18.0						
24.1400	8.599	0.000	2982.09	18.0						
24.1600	8.599	0.000	2984.29	18.0						
24.1800	8.598	-0.001	2986.59	18.0						
24.2000	8.597	-0.001	2988.79	18.0						
24.2200	8.598	0.000	2990.99	18.0						
24.2400	8.597	-0.001	2993.19	18.0						
24.2600	8.597	0.000	2995.48	18.0						
24.2800	8.597	0.000	2997.69	18.0						
24.3000	8.596	0.000	2999.88	18.0						
24.3200	8.595	-0.001	3002.08	18.0						
24.3400	8.596	0.000	3004.29	18.0						
24.3600	8.595	-0.001	3006.48	18.0						
24.3800	8.595	0.000	3008.68	18.0						
24.4000	8.594	0.000	3010.98	18.0						
24.4200	8.594	0.000	3013.18	18.0						
24.4400	8.594	-0.001	3015.38	18.0						
24.4600	8.593	0.000	3017.58	18.0						
24.4800	8.593	0.000	3019.88	18.0						
24.5000	8.593	0.000	3022.17	18.0						
24.5200	8.593	-0.001	3024.38	18.0						
24.5400	8.593	0.000	3026.57	18.0						
24.5600	8.592	0.000	3028.77	18.0						
24.5800	8.592	0.000	3030.98	18.0						
24.6000	8.592	0.000	3033.17	18.0						
24.6200	8.591	0.000	3035.37	18.0						
24.6400	8.591	0.000	3037.57	18.0						
24.6600	8.591	0.000	3039.77	18.0						
24.6800	8.590	0.000	3041.97	18.0						
24.7000	8.590	0.000	3044.17	18.0						
24.7200	8.589	-0.001	3046.37	18.0						
24.7400	8.589	0.000	3048.56	18.0						
24.7600	8.588	0.000	3050.77	18.0						
24.7800	8.589	0.000	3053.06	18.0						
24.8000	8.588	0.000	3055.27	18.0						
24.8200	8.588	-0.001	3057.46	18.0						
24.8400	8.587	0.000	3059.66	18.0						
24.8600	8.587	0.000	3061.86	18.0						
24.8800	8.587	0.000	3064.06	18.0						
24.9000	8.587	0.000	3066.26	18.0						
24.9200	8.586	-0.001	3068.46	18.0						
24.9400	8.586	0.000	3070.66	18.0						
24.9600	8.586	-0.001	3072.96	18.0						
24.9800	8.585	0.000	3075.16	18.0						
25.0000	8.585	0.000	3077.35	18.0						
25.0200	8.585	0.000	3079.56	18.0						
25.0400	8.585	-0.001	3081.76	18.0						
25.0600	8.585	0.000	3083.95	18.0						
25.0800	8.584	-0.001	3086.16	18.0						
25.1000	8.584	0.000	3088.36	18.0						
25.1200	8.583	0.000	3090.56	18.0						
25.1400	8.583	0.000	3092.76	18.0						
25.1600	8.583	0.000	3094.96	18.0						
25.1800	8.583	0.000	3097.26	18.0						
25.2000	8.582	0.000	3099.55	18.0						
25.2200	8.582	0.000	3101.76	18.0						
25.2400	8.582	0.000	3103.94	18.0						
25.2600	8.581	0.000	3106.14	18.0						
25.2800	8.581	0.000	3108.35	18.0						
25.3000	8.580	-0.001	3110.54	18.0						
25.3200	8.580	0.000	3112.74	18.0						
25.3400	8.580	-0.001	3114.94	18.0						
25.3600	8.579	0.000	3117.14	18.0						
25.3800	8.579	-0.001	3119.34	18.0						
25.4000	8.579	0.000	3121.54	18.0						
25.4200	8.579	0.000	3123.74	18.0						
25.4400	8.579	0.000	3125.94	18.0						
25.4600	8.578	0.000	3128.23	18.0						
25.4800	8.578	0.000	3130.44	18.0						
25.5000	8.578	-0.001	3132.73	18.0						
25.5200	8.578	0.000	3134.93	18.0						
25.5400	8.577	0.000	3137.14	18.0						
25.5600	8.577	0.000	3139.33	18.0						
25.5800	8.576	-0.001	3141.53	18.0						
25.6000	8.576	0.000	3143.73	18.0						
25.6200	8.576	0.000	3145.93	18.0						
25.6400	8.576	0.000	3148.23	18.0						
25.6600	8.575	0.000	3150.43	18.0						
25.6800	8.575	0.000	3152.63	18.0						
25.7000	8.575	-0.001	3154.83	18.0						
25.7200	8.574	0.000	3157.02	18.0						
25.7400	8.574	-0.001	3159.42	18.0						
25.7600	8.574	0.000	3161.62	18.0						
25.7800	8.573	0.000	3163.83	18.0						
25.8000	8.573	0.000	3166.02	18.0						
25.8200	8.573	0.000	3168.32	18.0						
25.8400	8.572	0.000	3170.52	18.0						
25.8600	8.572	-0.001	3172.72	18.0						
25.8800	8.571	0.000	3174.92	18.0						
25.9000	8.572	0.000	3177.12	18.0						
25.9200	8.571	-0.001	3179.32	18.0						
25.9400	8.571	0.000	3181.52	18.0						
25.9600	8.570	0.000	3183.71	18.0						
25.9800	8.570	-0.001	3185.91	18.0						
26.0000	8.570	0.000	3188.12	18.0						
26.0200	8.570	0.000	3190.41	18.0						
26.0400	8.569	0.000	3192.62	18.0						
26.0600	8.569	0.000	3194.81	18.0						
26.0800	8.569	0.000	3197.01	18.0						
26.1000	8.568	0.000	3199.21	18.0						
26.1200	8.568	0.000	3201.41	18.0						
26.1400	8.568	-0.001	3203.61	18.0						
26.1600	8.568	0.000	3205.81	18.0						
26.1800	8.567	0.000	3208.01	18.0						
26.2000	8.566	-0.001	3210.20	18.0						
26.2200	8.567	0.000	3212.41	18.0						
26.2400	8.566	-0.001	3214.60	18.0						
26.2600	8.566	0.000	3216.80	18.0						
26.2800	8.565	0.000	3219.01	18.0						
26.3000	8.565	0.000	3221.20	18.0						
26.3200	8.564	-0.001	3223.40	18.0						
26.3400	8.564	0.000	3225.60	18.0						
26.3600	8.564	0.000	3227.80	18.0						
26.3800	8.564	0.000	3230.00	18.0						
26.4000	8.564	0.000	3232.30	18.0						
26.4200	8.564	0.000	3234.50	18.0						
26.4400	8.564	0.000	3236.79	18.0						
26.4600	8.563	-0.001	3238.99	18.0						
26.4800	8.563	0.000	3241.29	18.0						
26.5000	8.563	0.000	3243.49	18.0						
26.5200	8.562	-0.001	3245.70	18.0						
26.5400	8.562	-0.001	3247.89	18.0						
26.5600	8.561	0.000	3250.09	18.0						
26.5800	8.561	0.000	3252.29	18.0						
26.6000	8.560	-0.001	3254.49	18.0						
26.6200	8.561	0.000	3256.69	18.0						
26.6400	8.560	-0.001	3258.89	18.0						
26.6600	8.560	0.001	3261.08	18.0						
26.6800	8.560	-0.001	3263.39	18.0						
26.7000	8.560	0.000	3265.59	18.0						
26.7200	8.559	0.000	3267.78	18.0						
26.7400	8.559	0.000	3269.99	18.0						
26.7600	8.559	0.000	3272.19	18.0						
26.7800	8.558	-0.001	3274.39	18.0						
26.8000	8.557	-0.001	3276.59	18.0						
26.8200	8.557	0.000	3278.79	18.0						
26.8400	8.557	0.000	3280.99	18.0						
26.8600	8.557	-0.001	3283.19	18.0						
26.8800	8.556	-0.001	3285.38	18.0						
26.9000	8.556	0.000	3287.58	18.0						
26.9200	8.556	-0.001	3289.79	18.0						
26.9400	8.556	0.000	3292.07	18.0						
26.9600	8.556	0.000	3294.28	18.0						
26.9800	8.555	0.000	3296.47	18.0						
27.0000	8.555	-0.001	3298.67	18.0						
27.0200	8.554	-0.001	3300.87	18.0						
27.0400	8.554	0.000	3303.07	18.0						
27.0600	8.554	0.000	3305.27	18.0						
27.0800	8.553	0.000	3307.47	18.0						
27.1000	8.553	0.000	3309.67	18.0						
27.1200	8.553	0.000	3311.97	18.0						
27.1400	8.553	0.000	3314.17	18.0						
27.1600	8.553	0.000	3316.36	18.0						
27.1800	8.552	-0.001	3318.57	18.0						
27.2000	8.552	0.000	3320.76	18.0						
27.2200	8.552	0.000	3322.96	18.0						
27.2400	8.551	0.000	3325.17	18.0						
27.2600	8.551	0.000	3327.36	18.0						
27.2800	8.551	0.000	3329.56	18.0						
27.3000	8.551	0.000	3331.76	18.0						
27.3200	8.550	-0.001	3333.96	18.0						
27.3400	8.549	-0.001	3336.16	18.0						
27.3600	8.549	0.000	3338.36	18.0						
27.3800	8.549	-0.001	3340.66	18.0						
27.4000	8.548	-0.001	3342.86	18.0						
27.4200	8.548	0.000	3345.05	18.0						
27.4400	8.548	0.000	3347.25	18.0						
27.4600	8.548	-0.001	3349.46	18.0						
27.4800	8.548	0.000	3351.65	18.0						
27.5000	8.547	-0.001	3353.85	18.0						
27.5200	8.547	0.000	3356.05	18.0						
27.5400	8.547	0.000	3358.35	18.0						
27.5600	8.547	0.000	3360.65	18.0						
27.5800	8.546	-0.001	3362.85	18.0						
27.6000	8.546	0.000	3365.05	18.0						
27.6200	8.546	0.000	3367.25	18.0						
27.6400	8.546	0.000	3369.44	18.0						
27.6600	8.545	-0.001	3371.65	18.0						
27.6800	8.545	0.000	3373.84	18.0						
27.7000	8.544	-0.001	3376.04	18.0						
27.7200	8.543	-0.001	3378.25	18.0						
27.7400	8.543	0.000	3380.44	18.0						
27.7600	8.543	0.000	3382.64	18.0						
27.7800	8.543	0.000	3384.84	18.0						
27.8000	8.543	0.000	3387.04	18.0						
27.8200	8.542	0.000	3389.24	18.0						
27.8400	8.542	0.000	3391.44	18.0						
27.8600	8.542	0.001	3393.64	18.0						
27.8800	8.541	-0.001	3395.83	18.0						
27.9000	8.541	0.000	3398.13	18.0						
27.9200	8.541	0.000	3400.33	18.0						
27.9400	8.541	0.000	3402.54	18.0						
27.9600	8.540	0.000	3404.73	18.0						
27.9800	8.540	0.000	3406.93	18.0						
28.0000	8.540	0.000	3409.13	18.0						
28.0200	8.539	-0.001	3411.33	18.0						
28.0400	8.539	0.000	3413.63	18.0						
28.0600	8.539	0.000	3415.83	18.0						
28.0800	8.539	0.000	3418.13	18.0						
28.1000	8.538	-0.001	3420.33	18.0						
28.1200	8.538	0.000	3422.52	18.0						
28.1400	8.538	-0.001	3424.73	18.0						
28.1600	8.538	0.000	3426.92	18.0						
28.1800	8.536	-0.001	3429.12	18.0						
28.2000	8.537	0.000	3431.42	18.0						
28.2200	8.536	0.000	3433.62	18.0						
28.2400	8.535	-0.001	3435.92	18.0						
28.2600	8.535	0.000	3438.22	18.0						
28.2800	8.535	-0.001	3440.42	18.0						
28.3000	8.535	0.000	3442.62	18.0						
28.3200	8.535	0.001	3444.82	18.0						
28.3400	8.535	-0.001	3447.02	18.0						
28.3600	8.535	0.000	3449.32	18.0						
28.3800	8.534	-0.001	3451.52	18.0						
28.4000	8.533	-0.001	3453.71	18.0						
28.4200	8.533	0.000	3455.92	18.0						
28.4400	8.532	-0.001	3458.11	18.0						
28.4600	8.532	0.000	3460.31	18.0						
28.4800	8.532	0.000	3462.51	18.0						
28.5000	8.532	0.000	3464.71	18.0						
28.5200	8.530	-0.002	3466.91	18.0						
28.5400	8.531	0.001	3469.21	18.0						
28.5600	8.531	0.000	3471.41	18.0						
28.5800	8.531	0.000	3473.61	18.0						
28.6000	8.530	0.000	3475.90	18.0						
28.6200	8.530	0.000	3478.11	18.0						
28.6400	8.530	0.000	3480.30	18.0						
28.6600	8.530	0.000	3482.50	18.0						
28.6800	8.529	-0.001	3484.71	18.0						
28.7000	8.528	-0.001	3486.90	18.0						
28.7200	8.528	0.000	3489.10	18.0						
28.7400	8.528	0.000	3491.40	18.0						
28.7600	8.528	0.000	3493.60	18.0						
28.7800	8.528	-0.001	3495.90	18.0						
28.8000	8.527	0.000	3498.10	18.0						
28.8200	8.527	0.000	3500.30	18.0						
28.8400	8.527	0.000	3502.60	18.0						
28.8600	8.527	0.000	3504.80	18.0						
28.8800	8.526	-0.001	3506.99	18.0						
28.9000	8.525	-0.001	3509.19	18.0						
28.9200	8.525	0.000	3511.40	18.0						
28.9400	8.525	0.000	3513.59	18.0						
28.9600	8.524	-0.001	3515.90	18.0						
28.9800	8.525	0.001	3518.09	18.0						
29.0000	8.524	-0.002	3520.29	18.0						
29.0200	8.524	0.000	3522.49	18.0						
29.0400	8.524	0.000	3524.69	18.0						
29.0600	8.523	-0.001	3526.89	18.0						
29.0800	8.523	0.000	3529.09	18.0						
29.1000	8.522	0.000	3531.28	18.0						
29.1200	8.522	-0.001	3533.48	18.0						
29.1400	8.521	-0.001	3535.69	18.0						
29.1600	8.521	0.000	3537.88	18.0						
29.1800	8.521	0.000	3540.08	18.0						
29.2000	8.522	0.001	3542.28	18.0						
29.2200	8.520	-0.001	3544.48	18.0						
29.2400	8.520	0.000	3546.68	18.0						
29.2600	8.519	-0.001	3548.88	18.0						
29.2800	8.519	0.000	3551.08	18.0						
29.3000	8.519	0.000	3553.28	18.0						
29.3200	8.519	0.000	3555.48	18.0						
29.3400	8.519	0.000	3557.67	18.0						
29.3600	8.518	-0.001	3559.87	18.0						
29.3800	8.518	0.000	3562.08	18.0						
29.4000	8.518	0.000	3564.27	18.0						
29.4200	8.517	0.000	3566.47	18.0						
29.4400	8.518	0.000	3568.77	18.0						
29.4600	8.517	-0.001	3570.97	18.0						
29.4800	8.517	0.000	3573.17	18.0						
29.5000	8.515	-0.002	3575.37	18.0						
29.5200	8.515	0.000	3577.57	18.0						
29.5400	8.515	0.000	3579.77	18.0						
29.5600	8.514	-0.001	3582.06	18.0						
29.5800	8.515	0.001	3584.36	18.0						
29.6000	8.515	0.000	3586.56	18.0						
29.6200	8.514	-0.001	3588.77	18.0						
29.6400	8.514	0.000	3590.96	18.0						
29.6600	8.514	0.000	3593.16	18.0						
29.6800	8.513	-0.001	3595.37	18.0						
29.7000	8.512	-0.001	3597.56	18.0						
29.7200	8.512	0.000	3599.76	18.0						
29.7400	8.512	0.000	3601.96	18.0						
29.7600	8.511	0.000	3604.16	18.0						
29.7800	8.511	0.000	3606.36	18.0						
29.8000	8.511	0.000	3608.56	18.0						
29.8200	8.511	0.000	3610.75	18.0						
29.8400	8.510	-0.001	3613.15	18.0						
29.8600	8.511	0.000	3615.35	18.0						
29.8800	8.510	0.000	3617.56	18.0						
29.9000	8.509	-0.002	3619.75	18.0						
29.9200	8.509	0.001	3621.95	18.0						
29.9400	8.509	-0.001	3624.15	18.0						
29.9600	8.508	0.000	3626.35	18.0						
29.9800	8.508	-0.001	3628.55	18.0						
30.0000	8.508	0.000	3630.75	18.0						
30.0200	8.508	0.000	3632.95	18.0						
30.0400	8.507	-0.001	3635.25	18.0						
30.0600	8.507	0.000	3637.45	18.0						
30.0800	8.508	0.000	3639.64	18.0						
30.1000	8.506	-0.002	3641.85	18.0						
30.1200	8.506	0.000	3644.04	18.0						
30.1400	8.505	-0.001	3646.24	18.0						
30.1600	8.505	0.000	3648.44	18.0						
30.1800	8.504	0.000	3650.64	18.0						
30.2000	8.504	0.000	3652.84	18.0						
30.2200	8.504	0.000	3655.04	18.0						
30.2400	8.503	-0.001	3657.24	18.0						
30.2600	8.502	-0.001	3659.44	18.0						
30.2800	8.503	0.001	3661.64	18.0						
30.3000	8.502	-0.001	3663.83	18.0						
30.3200	8.503	0.001	3666.03	18.0						
30.3400	8.503	0.000	3668.24	18.0						
30.3600	8.502	-0.001	3670.43	18.0						
30.3800	8.502	0.000	3672.74	18.0						
30.4000	8.502	0.000	3674.93	18.0						
30.4200	8.501	0.000	3677.13	18.0						
30.4400	8.501	-0.001	3679.33	18.0						
30.4600	8.501	0.000	3681.53	18.0						
30.4800	8.499	-0.002	3683.73	18.0						
30.5000	8.499	0.000	3685.93	18.0						
30.5200	8.498	-0.001	3688.13	18.0						
30.5400	8.498	0.000	3690.32	18.0						
30.5600	8.497	-0.001	3692.53	18.0						
30.5800	8.497	0.000	3694.72	18.0						
30.6000	8.496	-0.001	3696.92	18.0						
30.6200	8.497	0.001	3699.22	18.0						
30.6400	8.497	0.000	3701.42	18.0						
30.6600	8.497	0.000	3703.62	18.0						
30.6800	8.496	0.000	3705.82	18.0						
30.7000	8.496	-0.001	3708.02	18.0						
30.7200	8.496	0.000	3710.22	18.0						
30.7400	8.496	0.000	3712.42	18.0						
30.7600	8.496	0.000	3714.62	18.0						
30.7800	8.494	-0.001	3716.82	18.0						
30.8000	8.494	-0.001	3719.01	18.0						
30.8200	8.493	-0.001	3721.21	18.0						
30.8400	8.493	0.000	3723.42	18.0						
30.8600	8.492	0.000	3725.61	18.0						
30.8800	8.491	-0.001	3727.92	18.0						
30.9000	8.493	0.001	3730.11	18.0						
30.9200	8.493	0.000	3732.31	18.0						
30.9400	8.492	-0.001	3734.51	18.0						
30.9600	8.490	-0.001	3736.81	18.0						
30.9800	8.491	0.001	3739.01	18.0						
31.0000	8.491	0.000	3741.31	18.0						
31.0200	8.490	-0.001	3743.51	18.0						
31.0400	8.491	0.001	3745.70	18.0						
31.0600	8.491	0.000	3747.90	18.0						
31.0800	8.490	-0.001	3750.11	18.0						
31.1000	8.489	-0.001	3752.40	18.0						
31.1200	8.488	-0.001	3754.61	18.0						
31.1400	8.488	0.000	3756.80	18.0						
31.1600	8.488	0.000	3759.20	18.0						
31.1800	8.488	0.000	3761.40	18.0						
31.2000	8.487	-0.001	3763.60	18.0						
31.2200	8.487	-0.001	3765.80	18.0						
31.2400	8.485	-0.001	3768.00	18.0						
31.2600	8.486	0.001	3770.20	18.0						
31.2800	8.485	-0.001	3772.39	18.0						
31.3000	8.485	0.000	3774.59	18.0						
31.3200	8.483	-0.002	3776.80	18.0						
31.3400	8.483	0.000	3778.99	18.0						
31.3600	8.484	0.001	3781.19	18.0						
31.3800	8.483	-0.001	3783.40	18.0						
31.4000	8.482	-0.001	3785.59	18.0						
31.4200	8.483	0.000	3787.89	18.0						
31.4400	8.484	0.002	3790.09	18.0						
31.4600	8.481	-0.003	3792.29	18.0						
31.4800	8.482	0.000	3794.49	18.0						
31.5000	8.481	0.000	3796.69	18.0						
31.5200	8.479	-0.002	3798.88	18.0						
31.5400	8.480	0.001	3801.09	18.0						
31.5600	8.480	0.000	3803.28	18.0						
31.5800	8.479	-0.001	3805.48	18.0						
31.6000	8.479	0.000	3807.69	18.0						
31.6200	8.478	-0.002	3809.88	18.0						
31.6400	8.478	0.000	3812.08	18.0						
31.6600	8.478	0.000	3814.28	18.0						
31.6800	8.477	-0.001	3816.48	18.0						
31.7000	8.477	0.000	3818.68	18.0						
31.7200	8.477	-0.001	3820.88	18.0						
31.7400	8.476	0.000	3823.08	18.0						
31.7600	8.477	0.000	3825.27	18.0						
31.7800	8.477	0.000	3827.48	18.0						
31.8000	8.476	0.000	3829.67	18.0						
31.8200	8.475	-0.002	3831.98	18.0						
31.8400	8.474	-0.001	3834.27	18.0						
31.8600	8.474	0.000	3836.48	18.0						
31.8800	8.473	0.000	3838.67	18.0						
31.9000	8.473	0.000	3840.87	18.0						
31.9200	8.472	-0.001	3843.07	18.0						
31.9400	8.471	-0.001	3845.27	18.0						
31.9600	8.472	0.000	3847.47	18.0						
31.9800	8.472	0.000	3849.67	18.0						
32.0000	8.471	0.000	3851.86	18.0						
32.0200	8.471	0.000	3854.06	18.0						
32.0400	8.471	0.001	3856.27	18.0						
32.0600	8.471	0.000	3858.46	18.0						
32.0800	8.471	0.000	3860.66	18.0						
32.1000	8.470	-0.001	3862.86	18.0						
32.1200	8.468	-0.002	3865.06	18.0						
32.1400	8.467	-0.001	3867.26	18.0						
32.1600	8.468	0.001	3869.46	18.0						
32.1800	8.468	0.000	3871.66	18.0						
32.2000	8.467	-0.001	3873.86	18.0						
32.2200	8.466	-0.001	3876.06	18.0						
32.2400	8.466	-0.001	3878.25	18.0						
32.2600	8.466	0.000	3880.56	18.0						
32.2800	8.466	0.000	3882.76	18.0						
32.3000	8.465	-0.001	3885.06	18.0						
32.3200	8.465	0.000	3887.25	18.0						
32.3400	8.465	0.000	3889.45	18.0						
32.3600	8.464	0.000	3891.75	18.0						
32.3800	8.465	0.001	3893.95	18.0						
32.4000	8.463	-0.002	3896.15	18.0						
32.4200	8.463	0.000	3898.45	18.0						
32.4400	8.462	-0.001	3900.65	18.0						
32.4600	8.461	-0.001	3902.85	18.0						
32.4800	8.462	0.001	3905.15	18.0						
32.5000	8.461	-0.001	3907.34	18.0						
32.5200	8.460	-0.001	3909.54	18.0						
32.5400	8.458	-0.002	3911.75	18.0						
32.5600	8.459	0.001	3913.94	18.0						
32.5800	8.458	-0.001	3916.25	18.0						
32.6000	8.457	-0.001	3918.64	18.0						
32.6200	8.458	0.001	3920.84	18.0						
32.6400	8.457	0.000	3923.04	18.0						
32.6600	8.459	0.001	3925.24	18.0						
32.6800	8.457	-0.001	3927.44	18.0						
32.7000	8.457	0.000	3929.64	18.0						
32.7200	8.456	-0.001	3931.84	18.0						
32.7400	8.453	-0.004	3934.13	18.0						
32.7600	8.453	0.000	3936.34	18.0						
32.7800	8.453	0.000	3938.53	18.0						
32.8000	8.452	-0.001	3940.73	18.0						
32.8200	8.452	0.000	3942.93	18.0						
32.8400	8.452	0.000	3945.13	18.0						
32.8600	8.453	0.001	3947.33	18.0						
32.8800	8.452	-0.001	3949.63	18.0						
32.9000	8.451	0.000	3951.83	18.0						
32.9200	8.452	0.000	3954.03	18.0						
32.9400	8.451	0.000	3956.23	18.0						
32.9600	8.451	0.000	3958.42	18.0						
32.9800	8.448	-0.002	3960.63	18.0						
33.0000	8.448	0.000	3962.82	18.0						
33.0200	8.450	0.002	3965.02	18.0						
33.0400	8.446	-0.004	3967.62	18.0						
33.0600	8.449	0.003	3969.82	18.0						
33.0800	8.448	-0.001	3972.02	18.0						
33.1000	8.447	-0.001	3974.22	18.0						
33.1200	8.446	-0.001	3976.42	18.0						
33.1400	8.446	-0.001	3978.62	18.0						
33.1600	8.444	-0.002	3980.92	18.0						
33.1800	8.443	-0.001	3983.12	18.0						
33.2000	8.442	-0.001	3985.31	18.0						
33.2200	8.443	0.001	3987.51	18.0						
33.2400	8.443	0.000	3989.72	18.0						
33.2600	8.443	0.000	3991.91	18.0						
33.2800	8.441	-0.002	3994.41	18.0						
33.3000	8.443	0.002	3996.62	18.0						
33.3200	8.443	0.000	3998.81	18.0						
33.3400	8.442	-0.001	4001.01	18.0						
33.3600	8.442	0.000	4003.21	18.0						
33.3800	8.439	-0.003	4005.41	18.0						
33.4000	8.436	-0.003	4007.61	18.0						
33.4200	8.437	0.001	4009.91	18.0						
33.4400	8.439	0.002	4012.11	18.0						
33.4600	8.436	-0.003	4014.31	18.0						
33.4800	8.436	0.001	4016.50	18.0						
33.5000	8.437	0.001	4018.70	18.0						
33.5200	8.435	-0.002	4020.91	18.0						
33.5400	8.434	-0.001	4023.10	18.0						
33.5600	8.432	-0.003	4025.50	18.0						
33.5800	8.435	0.003	4027.70	18.0						
33.6000	8.434	-0.001	4029.90	18.0						
33.6200	8.435	0.001	4032.10	18.0						
33.6400	8.433	-0.002	4034.30	18.0						
33.6600	8.431	-0.002	4036.50	18.0						
33.6800	8.431	0.000	4038.69	18.0						
33.7000	8.430	0.000	4040.89	18.0						
33.7200	8.429	-0.001	4043.40	18.0						
33.7400	8.431	0.002	4045.59	18.0						
33.7600	8.430	-0.001	4047.79	18.0						
33.7800	8.428	-0.001	4049.99	18.0						
33.8000	8.428	0.000	4052.19	18.0						
33.8200	8.427	-0.002	4054.39	18.0						
33.8400	8.427	0.000	4056.69	18.0						
33.8600	8.427	0.000	4058.89	18.0						
33.8800	8.424	-0.003	4061.39	18.0						
33.9000	8.425	0.001	4063.59	18.0						
33.9200	8.426	0.001	4065.78	18.0						
33.9400	8.425	0.000	4067.99	18.0						
33.9600	8.423	-0.003	4070.39	18.0						
33.9800	8.424	0.001	4072.58	18.0						
34.0000	8.422	-0.001	4074.78	18.0						
34.0200	8.422	0.000	4076.98	18.0						
34.0400	8.420	-0.002	4079.38	18.0						
34.0600	8.422	0.002	4081.58	18.0						
34.0800	8.418	-0.004	4084.28	18.0						
34.1000	8.421	0.003	4086.48	18.0						
34.1200	8.419	-0.002	4088.78	18.0						
34.1400	8.418	-0.001	4090.98	18.0						
34.1600	8.415	-0.003	4093.37	18.0						
34.1800	8.416	0.001	4095.58	18.0						
34.2000	8.412	-0.004	4097.98	18.0						
34.2200	8.416	0.004	4100.17	18.0						
34.2400	8.414	-0.002	4102.57	18.0						
34.2600	8.417	0.003	4104.77	18.0						
34.2800	8.435	0.018	4112.47	18.0						
34.3000	8.443	0.009	4116.37	18.0						
34.3200	8.441	-0.003	4118.86	18.0						
34.3400	8.432	-0.009	4121.67	18.0						
34.3600	8.421	-0.010	4124.46	18.0						
34.3800	8.417	-0.005	4127.26	18.0						
34.4000	8.420	0.003	4129.47	18.0						
34.4200	8.412	-0.007	4132.16	18.0						
34.4400	8.412	-0.001	4134.36	18.0						
34.4600	8.411	-0.001	4136.66	18.0						
34.4800	8.405	-0.006	4139.66	18.0						
34.5000	8.407	0.002	4142.66	18.0						
34.5200	8.412	0.005	4144.86	18.0						
34.5400	8.410	-0.002	4147.05	18.0						
34.5600	8.403	-0.007	4149.86	18.0						
34.5800	8.407	0.005	4152.05	18.0						
34.6000	8.402	-0.006	4154.96	18.0						
34.6200	8.406	0.005	4157.15	18.0						
34.6400	8.404	-0.002	4159.55	18.0						
34.6600	8.400	-0.004	4162.25	18.0						
34.6800	8.400	-0.001	4164.55	18.0						
34.7000	8.397	-0.002	4167.05	18.0						
34.7200	8.398	0.001	4169.25	18.0						
34.7400	8.396	-0.002	4171.45	18.0						
34.7600	8.392	-0.004	4174.04	18.0						
34.7800	8.394	0.002	4176.25	18.0						
34.8000	8.391	-0.003	4178.95	18.0						
34.8200	8.395	0.005	4181.14	18.0						
34.8400	8.391	-0.005	4183.84	18.0						
34.8600	8.394	0.003	4186.04	18.0						
34.8800	8.390	-0.004	4188.74	18.0						
34.9000	8.391	0.001	4191.54	18.0						
34.9200	8.393	0.001	4194.04	18.0						
34.9400	8.392	-0.001	4196.64	18.0						
34.9600	8.391	-0.001	4198.94	18.0						
34.9800	8.388	-0.002	4201.74	18.0						
35.0000	8.393	0.004	4203.93	18.0						
35.0200	8.388	-0.005	4206.63	18.0						
35.0400	8.388	0.000	4209.03	18.0						
35.0600	8.414	0.026	4217.23	18.0						
35.0800	8.422	0.009	4221.33	18.0						
35.1000	8.419	-0.004	4223.73	18.0						
35.1200	8.403	-0.016	4226.93	18.0						
35.1400	8.397	-0.006	4229.52	18.0						
35.1600	8.389	-0.007	4232.33	18.0						
35.1800	8.387	-0.002	4234.62	18.0						
35.2000	8.381	-0.007	4237.42	18.0						
35.2200	8.412	0.031	4246.12	18.0						
35.2400	8.421	0.009	4250.52	18.0						
35.2600	8.417	-0.004	4253.32	18.0						
35.2800	8.400	-0.016	4256.11	18.0						
35.3000	8.395	-0.006	4258.42	18.0						
35.3200	8.381	-0.013	4261.12	18.0						
35.3400	8.376	-0.005	4263.91	18.0						
35.3600	8.409	0.033	4273.81	18.0						
35.3800	8.420	0.010	4278.81	18.0						
35.4000	8.412	-0.007	4282.41	18.0						
35.4200	8.402	-0.011	4285.41	18.0						
35.4400	8.388	-0.014	4288.20	18.0						
35.4600	8.379	-0.009	4291.00	18.0						
35.4800	8.372	-0.007	4293.80	18.0						
35.5000	8.369	-0.003	4296.80	18.0						
35.5200	8.373	0.004	4299.10	18.0						
35.5400	8.367	-0.005	4301.70	18.0						
35.5600	8.363	-0.004	4304.20	18.0						
35.5800	8.357	-0.006	4307.09	18.0						
35.6000	8.360	0.003	4309.59	18.0						
35.6200	8.356	-0.004	4312.59	18.0						
35.6400	8.363	0.007	4314.80	18.0						
35.6600	8.353	-0.010	4317.59	18.0						
35.6800	8.401	0.048	4328.29	18.0						
35.7000	8.411	0.010	4333.69	18.0						
35.7200	8.403	-0.007	4337.68	18.0						
35.7400	8.391	-0.012	4340.89	18.0						
35.7600	8.376	-0.015	4343.98	18.0						
35.7800	8.368	-0.008	4347.08	18.0						
35.8000	8.363	-0.005	4349.88	18.0						
35.8200	8.355	-0.009	4352.98	18.0						
35.8400	8.354	-0.001	4355.78	18.0						
35.8600	8.352	-0.003	4358.58	18.0						
35.8800	8.344	-0.007	4361.37	18.0						
35.9000	8.344	0.000	4364.17	18.0						
35.9200	8.342	-0.002	4366.68	18.0						
35.9400	8.340	-0.002	4369.08	18.0						
35.9600	8.394	0.054	4381.17	18.0						
35.9800	8.403	0.009	4387.26	18.0						
36.0000	8.395	-0.009	4390.67	18.0						
36.0200	8.377	-0.018	4394.06	18.0						
36.0400	8.361	-0.016	4397.16	18.0						
36.0600	8.349	-0.012	4400.06	18.0						
36.0800	8.343	-0.006	4402.86	18.0						
36.1000	8.337	-0.006	4405.46	18.0						
36.1200	8.325	-0.012	4408.26	18.0						
36.1400	8.324	-0.002	4411.15	18.0						
36.1600	8.388	0.064	4424.26	18.0						
36.1800	8.400	0.012	4430.85	18.0						
36.2000	8.395	-0.005	4434.15	18.0						
36.2200	8.368	-0.026	4438.54	18.0						
36.2400	8.363	-0.005	4441.55	18.0						
36.2600	8.344	-0.019	4444.74	18.0						
36.2800	8.330	-0.014	4447.84	18.0						
36.3000	8.330	-0.001	4450.15	18.0						
36.3200	8.383	0.054	4464.24	18.0						
36.3400	8.395	0.011	4471.35	18.0						
36.3600	8.390	-0.005	4474.94	18.0						
36.3800	8.367	-0.023	4478.93	18.0						
36.4000	8.349	-0.018	4482.23	18.0						
36.4200	8.375	0.026	4494.82	18.0						
36.4400	8.385	0.010	4501.12	18.0						
36.4600	8.377	-0.009	4504.52	18.0						
36.4800	8.347	-0.029	4508.62	18.0						
36.5000	8.338	-0.010	4511.92	18.0						
36.5200	8.321	-0.017	4514.92	18.0						
36.5400	8.308	-0.013	4519.02	18.0						
36.5600	8.309	0.002	4521.51	18.0						
36.5800	8.295	-0.014	4524.81	18.0						
36.6000	8.289	-0.006	4527.72	18.0						
36.6200	8.284	-0.006	4530.72	18.0						
36.6400	8.281	-0.003	4533.51	18.0						
36.6600	8.365	0.084	4549.50	18.0						
36.6800	8.379	0.014	4557.50	18.0						
36.7000	8.371	-0.008	4561.50	18.0						
36.7200	8.340	-0.031	4565.90	18.0						
36.7400	8.323	-0.017	4568.90	18.0						
36.7600	8.299	-0.024	4572.70	18.0						
36.7800	8.290	-0.008	4575.60	18.0						
36.8000	8.265	-0.026	4578.59	18.0						
36.8200	8.260	-0.005	4581.40	18.0						
36.8400	8.246	-0.014	4584.10	18.0						
36.8600	8.234	-0.011	4587.19	18.0						
36.8800	8.234	0.000	4589.99	18.0						
36.9000	8.347	0.113	4607.38	18.0						
36.9200	8.363	0.016	4616.08	18.0						
36.9400	8.355	-0.007	4620.48	18.0						
36.9600	8.323	-0.033	4624.98	18.0						
36.9800	8.295	-0.028	4629.27	18.0						
37.0000	8.273	-0.022	4632.98	18.0						
37.0200	8.249	-0.024	4636.07	18.0						
37.0400	8.339	0.090	4655.37	18.0						
37.0600	8.354	0.015	4665.07	18.0						
37.0800	8.344	-0.010	4669.97	18.0						
37.1000	8.313	-0.031	4674.67	18.0						
37.1200	8.279	-0.033	4680.06	18.0						
37.1400	8.257	-0.022	4684.95	18.0						
37.1600	8.242	-0.015	4689.06	18.0						
37.1800	8.215	-0.027	4692.65	18.0						
37.2000	8.190	-0.025	4695.75	18.0						
37.2200	8.163	-0.027	4700.15	18.0						
37.2400	8.151	-0.011	4703.65	18.0						
37.2600	8.133	-0.018	4707.24	18.0						
37.2800	8.122	-0.011	4710.24	18.0						
37.3000	8.291	0.169	4735.63	18.0						
37.3200	8.310	0.018	4748.33	18.0						
37.3400	8.298	-0.011	4754.73	18.0						
37.3600	8.265	-0.033	4759.83	18.0						
37.3800	8.197	-0.068	4767.12	18.0						
37.4000	8.167	-0.030	4771.82	18.0						
37.4200	8.123	-0.044	4776.72	18.0						
37.4400	8.073	-0.050	4781.02	18.0						
37.4600	8.016	-0.057	4785.32	18.0						
37.4800	7.977	-0.040	4790.01	18.0						
37.5000	7.946	-0.031	4795.72	18.0						
37.5200	7.906	-0.039	4802.31	18.0						
37.5400	7.868	-0.038	4809.32	18.0						
37.5600	7.822	-0.047	4815.21	18.0						
37.5800	7.742	-0.080	4822.10	18.0						
37.6000	7.617	-0.126	4831.30	18.0						
37.6200	7.305	-0.311	4844.89	18.0						
37.6400	6.559	-0.746	4878.08	18.0						
37.6600	5.868	-0.691	4918.56	18.0						
37.6800	5.312	-0.556	4958.96	18.0						
37.7000	4.800	-0.512	5002.93	18.0						
37.7200	4.544	-0.256	5028.63	18.0						
37.7400	4.332	-0.213	5051.12	18.0						
37.7600	4.160	-0.172	5069.51	18.0						
37.7800	3.992	-0.168	5086.20	18.0						
37.8000	3.882	-0.110	5097.50	18.0						
37.8200	3.760	-0.122	5111.69	18.0						
37.8400	3.660	-0.100	5131.89	18.0						
37.8600	3.600	-0.060	5142.58	18.0						
37.8800	3.548	-0.052	5151.18	18.0						
37.9000	3.485	-0.063	5158.88	18.0						
37.9200	3.424	-0.061	5168.88	18.0						
37.9400	3.381	-0.043	5175.57	18.0						
37.9600	3.334	-0.047	5181.17	18.0						
37.9800	3.282	-0.052	5188.07	18.0						
38.0000	3.250	-0.032	5193.06	18.0						
38.0200	3.211	-0.039	5197.67	18.0						
38.0400	3.168	-0.042	5202.96	18.0						
38.0600	3.146	-0.023	5207.26	18.0						
38.0800	3.112	-0.033	5214.05	18.0						
38.1000	3.086	-0.027	5219.35	18.0						
38.1200	3.066	-0.020	5222.65	18.0						
38.1400	3.038	-0.028	5226.05	18.0						
38.1600	3.007	-0.031	5229.95	18.0						
38.1800	2.983	-0.024	5233.95	18.0						
38.2000	2.966	-0.016	5236.85	18.0						
38.2200	2.937	-0.029	5240.55	18.0						
38.2400	2.916	-0.021	5244.25	18.0						
38.2600	2.901	-0.015	5247.04	18.0						
38.2800	2.881	-0.020	5249.84	18.0						
38.3000	2.859	-0.022	5253.04	18.0						
38.3200	2.842	-0.017	5256.04	18.0						
38.3400	2.821	-0.021	5259.74	18.0						
38.3600	2.810	-0.011	5262.04	18.0						
38.3800	2.788	-0.022	5265.33	18.0						
38.4000	2.775	-0.013	5268.14	18.0						
38.4200	2.761	-0.014	5270.93	18.0						
38.4400	2.748	-0.013	5273.54	18.0						
38.4600	2.733	-0.015	5276.13	18.0						
38.4800	2.719	-0.014	5278.93	18.0						
38.5000	2.705	-0.013	5281.64	18.0						
38.5200	2.692	-0.014	5284.43	18.0						
38.5400	2.680	-0.012	5286.83	18.0						
38.5600	2.667	-0.013	5289.63	18.0						
38.5800	2.657	-0.009	5291.83	18.0						
38.6000	2.643	-0.014	5294.53	18.0						
38.6200	2.632	-0.011	5297.23	18.0						
38.6400	2.621	-0.011	5299.93	18.0						
38.6600	2.612	-0.009	5302.33	18.0						
38.6800	2.601	-0.011	5304.82	18.0						
38.7000	2.592	-0.009	5307.02	18.0						
38.7200	2.580	-0.012	5309.62	18.0						
38.7400	2.572	-0.008	5311.82	18.0						
38.7600	2.562	-0.010	5314.32	18.0						
38.7800	2.551	-0.011	5316.92	18.0						
38.8000	2.544	-0.007	5319.12	18.0						
38.8200	2.536	-0.008	5321.31	18.0						
38.8400	2.525	-0.010	5323.71	18.0						
38.8600	2.520	-0.005	5325.91	18.0						
38.8800	2.511	-0.009	5328.12	18.0						
38.9000	2.501	-0.010	5330.81	18.0						
38.9200	2.494	-0.007	5333.01	18.0						
38.9400	2.486	-0.008	5335.21	18.0						
38.9600	2.478	-0.008	5337.41	18.0						
38.9800	2.468	-0.009	5339.81	18.0						
39.0000	2.461	-0.007	5342.01	18.0						
39.0200	2.453	-0.008	5344.40	18.0						
39.0400	2.447	-0.006	5346.61	18.0						
39.0600	2.441	-0.006	5348.81	18.0						
39.0800	2.434	-0.007	5351.00	18.0						
39.1000	2.427	-0.007	5353.20	18.0						
39.1200	2.418	-0.009	5358.70	18.0						
39.1400	2.413	-0.005	5361.60	18.0						
39.1600	2.408	-0.005	5363.80	18.0						
39.1800	2.400	-0.007	5366.30	18.0						
39.2000	2.395	-0.005	5368.50	18.0						
39.2200	2.388	-0.007	5370.70	18.0						
39.2400	2.382	-0.006	5372.89	18.0						
39.2600	2.375	-0.007	5375.10	18.0						
39.2800	2.370	-0.006	5377.30	18.0						
39.3000	2.363	-0.007	5379.79	18.0						
39.3200	2.358	-0.005	5381.99	18.0						
39.3400	2.352	-0.006	5384.19	18.0						
39.3600	2.346	-0.006	5386.39	18.0						
39.3800	2.339	-0.006	5388.89	18.0						
39.4000	2.335	-0.004	5391.09	18.0						
39.4200	2.329	-0.006	5393.29	18.0						
39.4400	2.325	-0.005	5395.49	18.0						
39.4600	2.318	-0.006	5397.69	18.0						
39.4800	2.313	-0.005	5399.88	18.0						
39.5000	2.308	-0.005	5402.08	18.0						
39.5200	2.302	-0.005	5404.29	18.0						
39.5400	2.297	-0.005	5406.48	18.0						
39.5600	2.292	-0.005	5408.68	18.0						
39.5800	2.288	-0.004	5410.88	18.0						
39.6000	2.282	-0.006	5413.08	18.0						
39.6200	2.277	-0.005	5415.28	18.0						
39.6400	2.273	-0.005	5417.48	18.0						
39.6600	2.268	-0.005	5419.68	18.0						
39.6800	2.263	-0.005	5421.88	18.0						
39.7000	2.258	-0.005	5424.08	18.0						
39.7200	2.253	-0.005	5426.27	18.0						
39.7400	2.248	-0.005	5428.47	18.0						
39.7600	2.244	-0.004	5430.68	18.0						
39.7800	2.239	-0.004	5432.87	18.0						
39.8000	2.235	-0.005	5435.07	18.0						
39.8200	2.230	-0.005	5437.27	18.0						
39.8400	2.226	-0.004	5439.47	18.0						
39.8600	2.221	-0.005	5441.67	18.0						
39.8800	2.217	-0.004	5443.87	18.0						
39.9000	2.212	-0.005	5446.07	18.0						
39.9200	2.208	-0.004	5448.27	18.0						
39.9400	2.204	-0.004	5450.47	18.0						
39.9600	2.200	-0.004	5452.66	18.0						
39.9800	2.195	-0.005	5454.86	18.0						
40.0000	2.192	-0.004	5457.16	18.0						
