0	5.56	0	0	18
0.02	5.562	0.002	2.19	18
0.04	5.566	0.004	4.39	18
0.06	5.574	0.008	6.6	18
0.08	7.957	3.883	106.86	18
0.1	8.22	0.262	157.04	18
0.12	8.284	0.064	182.13	18
0.14	8.313	0.029	194.72	18
0.16	8.328	0.015	201.02	18
0.18	8.336	0.008	204.23	18
0.2	8.342	0.006	206.42	18
0.22	8.35	0.007	208.62	18
0.24	8.359	0.009	210.82	18
0.26	8.439	0.08	221.82	18
0.28	8.462	0.023	227.32	18
0.3	8.471	0.009	230.21	18
0.32	8.477	0.006	232.42	18
0.34	8.483	0.006	234.61	18
0.36	8.489	0.006	236.81	18
0.38	8.496	0.007	239.01	18
0.4	8.503	0.007	241.21	18
0.42	8.509	0.006	243.41	18
0.44	8.515	0.006	245.61	18
0.46	8.519	0.004	247.81	18
0.48	8.522	0.003	250.01	18
0.5	8.524	0.002	252.21	18
0.52	8.523	0	254.4	18
0.54	8.521	-0.002	256.6	18
0.56	8.517	-0.004	258.81	18
0.58	8.512	-0.005	261	18
0.6	8.506	-0.006	263.2	18
0.62	8.5	-0.006	265.4	18
0.64	8.494	-0.006	267.6	18
0.66	8.489	-0.005	269.8	18
0.68	8.483	-0.005	272	18
0.7	8.479	-0.005	274.2	18
0.72	8.476	-0.003	276.4	18
0.74	8.473	-0.003	278.6	18
0.76	8.47	-0.003	280.79	18
0.78	8.468	-0.002	282.99	18
0.8	8.466	-0.002	285.2	18
0.82	8.464	-0.002	287.39	18
0.84	8.463	-0.001	289.59	18
0.86	8.462	-0.001	291.79	18
0.88	8.46	-0.001	293.99	18
0.9	8.459	-0.001	296.19	18
0.92	8.458	-0.001	298.39	18
0.94	8.457	-0.001	300.59	18
0.96	8.456	-0.001	302.79	18
0.98	8.454	-0.002	304.99	18
1	8.454	-0.001	307.18	18
1.02	8.452	-0.001	309.49	18
1.04	8.452	-0.001	311.68	18
1.06	8.45	-0.001	313.88	18
1.08	8.45	0	316.09	18
1.1	8.449	-0.001	318.28	18
1.12	8.449	0	320.48	18
1.14	8.448	-0.001	322.68	18
1.16	8.448	0	324.88	18
1.18	8.448	0	327.08	18
1.2	8.447	-0.001	329.38	18
1.22	8.446	-0.001	331.58	18
1.24	8.446	0	333.79	18
1.26	8.445	-0.001	336.08	18
1.28	8.445	0	338.38	18
1.3	8.444	-0.001	340.58	18
1.32	8.445	0	342.78	18
1.34	8.445	0	344.97	18
1.36	8.444	0	347.17	18
1.38	8.444	0	349.38	18
1.4	8.444	0	351.57	18
1.42	8.444	0	353.77	18
1.44	8.444	0	355.97	18
1.46	8.444	0	358.17	18
1.48	8.443	0	360.37	18
1.5	8.443	0	362.57	18
1.52	8.442	-0.001	364.76	18
1.54	8.442	0	366.96	18
1.56	8.441	-0.001	369.17	18
1.58	8.441	0	371.36	18
1.6	8.441	0	373.66	18
1.62	8.441	0	375.86	18
1.64	8.442	0	378.16	18
1.66	8.442	0	380.46	18
1.68	8.442	0	382.66	18
1.7	8.442	0	384.86	18
1.72	8.442	0	387.06	18
1.74	8.442	0	389.26	18
1.76	8.443	0.001	391.45	18
1.78	8.443	0	393.65	18
1.8	8.443	0	395.95	18
1.82	8.441	-0.001	398.15	18
1.84	8.438	-0.004	400.35	18
1.86	8.434	-0.004	402.55	18
1.88	8.431	-0.003	404.75	18
1.9	8.428	-0.003	406.95	18
1.92	8.427	-0.002	409.15	18
1.94	8.425	-0.002	411.35	18
1.96	8.424	-0.001	413.55	18
1.98	8.423	-0.001	415.75	18
2	8.424	0.001	417.94	18
2.02	8.426	0.002	420.15	18
2.04	8.429	0.003	422.34	18
2.06	8.432	0.003	424.54	18
2.08	8.434	0.002	426.75	18
2.1	8.436	0.002	428.94	18
2.12	8.437	0.002	431.14	18
2.14	8.439	0.002	433.34	18
2.16	8.441	0.002	435.54	18
2.18	8.442	0.001	437.74	18
2.2	8.443	0.002	439.94	18
2.22	8.445	0.002	442.14	18
2.24	8.446	0.001	444.33	18
2.26	8.445	0	446.54	18
2.28	8.446	0	448.83	18
2.3	8.445	0	451.04	18
2.32	8.445	0	453.33	18
2.34	8.445	-0.001	455.54	18
2.36	8.445	0	457.73	18
2.38	8.444	-0.001	459.93	18
2.4	8.444	0	462.13	18
2.42	8.444	0	464.33	18
2.44	8.443	0	466.53	18
2.46	8.444	0	468.73	18
2.48	8.443	-0.001	470.93	18
2.5	8.443	0.001	473.12	18
2.52	8.443	0	475.33	18
2.54	8.443	0	477.52	18
2.56	8.443	0	479.72	18
2.58	8.443	0	481.93	18
2.6	8.443	0	484.12	18
2.62	8.443	0.001	486.32	18
2.64	8.443	0	488.52	18
2.66	8.443	0	490.82	18
2.68	8.444	0	493.02	18
2.7	8.444	0	495.22	18
2.72	8.444	0	497.42	18
2.74	8.444	0	499.62	18
2.76	8.444	0	501.81	18
2.78	8.444	0	504.01	18
2.8	8.444	0	506.22	18
2.82	8.444	0	508.41	18
2.84	8.445	0	510.61	18
2.86	8.444	0	512.91	18
2.88	8.444	0	515.11	18
2.9	8.445	0.001	517.31	18
2.92	8.445	0	519.61	18
2.94	8.445	0	521.81	18
2.96	8.445	0.001	524.11	18
2.98	8.445	-0.001	526.31	18
3	8.445	0	528.5	18
3.02	8.446	0	530.7	18
3.04	8.446	0	532.91	18
3.06	8.446	0	535.2	18
3.08	8.446	0	537.41	18
3.1	8.446	0	539.6	18
3.12	8.446	0	541.8	18
3.14	8.447	0.001	544.01	18
3.16	8.447	0	546.2	18
3.18	8.448	0.001	548.4	18
3.2	8.447	-0.001	550.61	18
3.22	8.448	0.001	552.8	18
3.24	8.448	0	555	18
3.26	8.448	0	557.21	18
3.28	8.448	0	559.4	18
3.3	8.448	0	561.59	18
3.32	8.448	0	563.8	18
3.34	8.448	0	566.09	18
3.36	8.449	0.001	568.3	18
3.38	8.449	0	570.49	18
3.4	8.45	0.001	572.69	18
3.42	8.449	0	574.89	18
3.44	8.449	0	577.09	18
3.46	8.45	0.001	579.29	18
3.48	8.45	0	581.49	18
3.5	8.45	0.001	583.78	18
3.52	8.45	0	585.99	18
3.54	8.45	0	588.18	18
3.56	8.45	0	590.38	18
3.58	8.45	0	592.59	18
3.6	8.45	0	594.78	18
3.62	8.451	0	597.08	18
3.64	8.451	0	599.28	18
3.66	8.451	0	601.48	18
3.68	8.451	0	603.68	18
3.7	8.451	0	605.88	18
3.72	8.452	0	608.08	18
3.74	8.452	0	610.28	18
3.76	8.452	0.001	612.47	18
3.78	8.453	0	614.67	18
3.8	8.453	0	616.88	18
3.82	8.453	0	619.07	18
3.84	8.453	0	621.47	18
3.86	8.454	0.001	623.67	18
3.88	8.453	0	625.87	18
3.9	8.454	0	628.07	18
3.92	8.454	0	630.27	18
3.94	8.455	0.001	632.57	18
3.96	8.454	0	634.77	18
3.98	8.455	0	636.97	18
4	8.455	0	639.16	18
4.02	8.455	0.001	641.36	18
4.04	8.456	0	643.57	18
4.06	8.456	0	645.76	18
4.08	8.456	0	647.96	18
4.1	8.457	0	650.16	18
4.12	8.456	0	652.36	18
4.14	8.457	0	654.66	18
4.16	8.457	0	656.86	18
4.18	8.457	0	659.06	18
4.2	8.457	0	661.26	18
4.22	8.458	0.001	663.46	18
4.24	8.458	0	665.76	18
4.26	8.458	0.001	668.05	18
4.28	8.458	0	670.26	18
4.3	8.458	0	672.45	18
4.32	8.459	0	674.65	18
4.34	8.459	0	676.86	18
4.36	8.459	0	679.05	18
4.38	8.46	0.001	681.25	18
4.4	8.46	0	683.45	18
4.42	8.46	0	685.75	18
4.44	8.46	0	687.95	18
4.46	8.461	0	690.15	18
4.48	8.461	0	692.35	18
4.5	8.461	0	694.55	18
4.52	8.461	0	696.74	18
4.54	8.462	0	698.94	18
4.56	8.462	0	701.24	18
4.58	8.462	0	703.44	18
4.6	8.462	0	705.74	18
4.62	8.463	0	707.94	18
4.64	8.463	0	710.24	18
4.66	8.463	0	712.44	18
4.68	8.463	0	714.64	18
4.7	8.464	0	716.84	18
4.72	8.464	0	719.04	18
4.74	8.464	0.001	721.24	18
4.76	8.465	0.001	723.43	18
4.78	8.465	0	725.63	18
4.8	8.465	0	727.84	18
4.82	8.465	0	730.24	18
4.84	8.465	0	732.53	18
4.86	8.466	0.001	734.74	18
4.88	8.467	0.001	736.93	18
4.9	8.467	0	739.13	18
4.92	8.467	0	741.33	18
4.94	8.467	0	743.53	18
4.96	8.468	0.001	745.73	18
4.98	8.468	0	747.94	18
5	8.468	0	750.13	18
5.02	8.468	0	752.33	18
5.04	8.468	0	754.53	18
5.06	8.468	0	756.72	18
5.08	8.469	0.001	758.92	18
5.1	8.469	0	761.13	18
5.12	8.47	0.001	763.32	18
5.14	8.47	0	765.52	18
5.16	8.471	0	767.82	18
5.18	8.471	0	770.02	18
5.2	8.471	0	772.22	18
5.22	8.471	0	774.42	18
5.24	8.471	0	776.61	18
5.26	8.471	0	778.82	18
5.28	8.471	0	781.01	18
5.3	8.471	0	783.21	18
5.32	8.472	0	785.42	18
5.34	8.472	0	787.61	18
5.36	8.472	0	789.81	18
5.38	8.473	0.001	792.01	18
5.4	8.473	0	794.21	18
5.42	8.473	0.001	796.51	18
5.44	8.473	0	798.71	18
5.46	8.474	0	800.91	18
5.48	8.474	0	803.11	18
5.5	8.474	0	805.3	18
5.52	8.474	0	807.5	18
5.54	8.474	0	809.71	18
5.56	8.475	0.001	811.9	18
5.58	8.476	0	814.1	18
5.6	8.476	0.001	816.3	18
5.62	8.477	0.001	818.5	18
5.64	8.477	0	820.7	18
5.66	8.478	0.001	822.9	18
5.68	8.477	0	825.1	18
5.7	8.478	0.001	827.4	18
5.72	8.478	0	829.6	18
5.74	8.479	0.001	831.9	18
5.76	8.479	0	834.1	18
5.78	8.479	0	836.29	18
5.8	8.478	0	838.59	18
5.82	8.479	0.001	840.79	18
5.84	8.479	0	843	18
5.86	8.48	0	845.19	18
5.88	8.48	0	847.39	18
5.9	8.48	0	849.59	18
5.92	8.481	0	851.79	18
5.94	8.481	0	853.99	18
5.96	8.481	0	856.19	18
5.98	8.481	0	858.39	18
6	8.482	0.001	860.58	18
6.02	8.482	0	862.88	18
6.04	8.483	0.001	865.08	18
6.06	8.483	0	867.38	18
6.08	8.482	0	869.58	18
6.1	8.483	0.001	871.88	18
6.12	8.483	0	874.08	18
6.14	8.483	0	876.28	18
6.16	8.484	0.001	878.48	18
6.18	8.484	0	880.78	18
6.2	8.484	0	882.98	18
6.22	8.484	0	885.18	18
6.24	8.484	0	887.38	18
6.26	8.485	0	889.57	18
6.28	8.485	0.001	891.88	18
6.3	8.486	0	894.07	18
6.32	8.486	0	896.27	18
6.34	8.486	0	898.48	18
6.36	8.487	0.001	900.67	18
6.38	8.487	0	902.87	18
6.4	8.487	0	905.07	18
6.42	8.487	0	907.47	18
6.44	8.488	0	909.68	18
6.46	8.488	0	911.87	18
6.48	8.488	0	914.08	18
6.5	8.488	0	916.27	18
6.52	8.489	0	918.47	18
6.54	8.489	0	920.67	18
6.56	8.489	0	922.86	18
6.58	8.489	0.001	925.06	18
6.6	8.49	0	927.27	18
6.62	8.49	0	929.46	18
6.64	8.49	0	931.66	18
6.66	8.49	0	933.96	18
6.68	8.49	0	936.16	18
6.7	8.491	0.001	938.36	18
6.72	8.492	0	940.56	18
6.74	8.492	0	942.75	18
6.76	8.492	0	944.96	18
6.78	8.493	0.001	947.15	18
6.8	8.492	0	949.35	18
6.82	8.493	0	951.56	18
6.84	8.493	0	953.75	18
6.86	8.494	0.001	955.95	18
6.88	8.494	0	958.15	18
6.9	8.494	0	960.35	18
6.92	8.495	0.001	962.55	18
6.94	8.495	0	964.75	18
6.96	8.495	0	966.95	18
6.98	8.496	0	969.15	18
7	8.496	0	971.35	18
7.02	8.496	0	973.54	18
7.04	8.496	0	975.74	18
7.06	8.497	0	977.95	18
7.08	8.497	0.001	980.24	18
7.1	8.498	0.001	982.45	18
7.12	8.498	0	984.64	18
7.14	8.497	-0.001	986.84	18
7.16	8.498	0	989.14	18
7.18	8.498	0.001	991.34	18
7.2	8.499	0.001	993.54	18
7.22	8.499	0	995.74	18
7.24	8.498	0	997.93	18
7.26	8.499	0.001	1000.23	18
7.28	8.499	0	1002.43	18
7.3	8.5	0.001	1004.64	18
7.32	8.501	0.001	1006.83	18
7.34	8.501	0	1009.03	18
7.36	8.502	0.001	1011.23	18
7.38	8.502	0	1013.43	18
7.4	8.502	0.001	1015.73	18
7.42	8.502	0	1017.93	18
7.44	8.503	0	1020.13	18
7.46	8.503	0.001	1022.33	18
7.48	8.503	0	1024.53	18
7.5	8.503	0	1026.83	18
7.52	8.503	0	1029.02	18
7.54	8.503	0	1031.22	18
7.56	8.504	0.001	1033.43	18
7.58	8.504	0	1035.62	18
7.6	8.505	0	1038.02	18
7.62	8.504	0	1040.22	18
7.64	8.505	0.001	1042.42	18
7.66	8.506	0	1044.62	18
7.68	8.505	-0.001	1046.82	18
7.7	8.506	0.001	1049.02	18
7.72	8.506	0.001	1051.22	18
7.74	8.507	0	1053.42	18
7.76	8.508	0.001	1055.62	18
7.78	8.508	0	1057.81	18
7.8	8.508	0	1060.01	18
7.82	8.509	0.001	1062.22	18
7.84	8.509	0	1064.41	18
7.86	8.509	0	1066.61	18
7.88	8.509	0.001	1068.81	18
7.9	8.509	0	1071.01	18
7.92	8.51	0.001	1073.21	18
7.94	8.51	0	1075.41	18
7.96	8.511	0.001	1077.61	18
7.98	8.511	0	1079.81	18
8	8.511	0	1082.1	18
8.02	8.511	0	1084.31	18
8.04	8.511	0	1086.51	18
8.06	8.512	0	1088.7	18
8.08	8.512	0	1090.9	18
8.1	8.512	0	1093.1	18
8.12	8.513	0.001	1095.3	18
8.14	8.513	0	1097.6	18
8.16	8.514	0.001	1099.8	18
8.18	8.514	0	1102	18
8.2	8.514	0	1104.2	18
8.22	8.515	0	1106.4	18
8.24	8.516	0.001	1108.59	18
8.26	8.516	0.001	1110.89	18
8.28	8.517	0.001	1113.09	18
8.3	8.517	0	1115.3	18
8.32	8.518	0	1117.49	18
8.34	8.517	0	1119.69	18
8.36	8.518	0.001	1121.9	18
8.38	8.518	0	1124.09	18
8.4	8.519	0	1126.29	18
8.42	8.519	0	1128.5	18
8.44	8.519	0	1130.69	18
8.46	8.52	0	1132.89	18
8.48	8.52	0	1135.1	18
8.5	8.521	0.001	1137.29	18
8.52	8.52	0	1139.49	18
8.54	8.52	0	1141.7	18
8.56	8.521	0.001	1143.88	18
8.58	8.521	0	1146.08	18
8.6	8.521	0	1148.38	18
8.62	8.522	0.001	1150.58	18
8.64	8.522	0.001	1152.79	18
8.66	8.522	0	1154.98	18
8.68	8.522	0	1157.18	18
8.7	8.523	0	1159.38	18
8.72	8.523	0.001	1161.58	18
8.74	8.523	-0.001	1163.78	18
8.76	8.522	-0.001	1165.98	18
8.78	8.523	0.001	1168.17	18
8.8	8.524	0.001	1170.37	18
8.82	8.524	0	1172.58	18
8.84	8.524	0	1174.77	18
8.86	8.524	0.001	1176.97	18
8.88	8.525	0.001	1179.17	18
8.9	8.525	0	1181.37	18
8.92	8.525	0	1183.57	18
8.94	8.526	0.001	1185.77	18
8.96	8.526	0	1187.97	18
8.98	8.527	0.001	1190.17	18
9	8.528	0	1192.37	18
9.02	8.528	0	1194.56	18
9.04	8.528	0	1196.87	18
9.06	8.529	0.001	1199.06	18
9.08	8.528	-0.001	1201.26	18
9.1	8.53	0.002	1203.56	18
9.12	8.529	-0.001	1205.76	18
9.14	8.529	0	1207.96	18
9.16	8.529	0	1210.16	18
9.18	8.53	0	1212.36	18
9.2	8.531	0.001	1214.56	18
9.22	8.532	0.001	1216.76	18
9.24	8.531	-0.001	1218.96	18
9.26	8.531	0	1221.25	18
9.28	8.531	0	1223.45	18
9.3	8.532	0.002	1225.75	18
9.32	8.532	0	1227.95	18
9.34	8.533	0	1230.16	18
9.36	8.532	0	1232.45	18
9.38	8.533	0.001	1234.66	18
9.4	8.534	0.001	1236.85	18
9.42	8.533	0	1239.05	18
9.44	8.535	0.001	1241.25	18
9.46	8.535	0	1243.45	18
9.48	8.534	-0.001	1245.65	18
9.5	8.536	0.002	1247.85	18
9.52	8.536	0	1250.04	18
9.54	8.535	0	1252.24	18
9.56	8.536	0.001	1254.45	18
9.58	8.536	0	1256.64	18
9.6	8.537	0	1258.84	18
9.62	8.537	0	1261.04	18
9.64	8.539	0.002	1263.24	18
9.66	8.539	0	1265.44	18
9.68	8.539	0	1267.64	18
9.7	8.54	0	1269.84	18
9.72	8.54	0	1272.04	18
9.74	8.541	0.001	1274.24	18
9.76	8.541	0	1276.43	18
9.78	8.542	0.001	1278.63	18
9.8	8.542	0	1280.84	18
9.82	8.543	0.001	1283.03	18
9.84	8.542	0	1285.23	18
9.86	8.543	0.001	1287.44	18
9.88	8.544	0	1289.63	18
9.9	8.544	0	1291.83	18
9.92	8.544	0	1294.03	18
9.94	8.544	0	1296.23	18
9.96	8.545	0.001	1298.43	18
9.98	8.545	0	1300.64	18
10	8.546	0.001	1302.83	18
10.02	8.546	0	1305.03	18
10.04	8.547	0	1307.23	18
10.06	8.547	0	1309.42	18
10.08	8.547	0	1311.62	18
10.1	8.547	0	1313.83	18
10.12	8.547	0	1316.02	18
10.14	8.548	0.001	1318.22	18
10.16	8.549	0.001	1320.43	18
10.18	8.549	-0.001	1322.62	18
10.2	8.55	0.002	1324.82	18
10.22	8.55	0	1327.02	18
10.24	8.55	0	1329.22	18
10.26	8.55	0.001	1331.41	18
10.28	8.551	0	1333.62	18
10.3	8.551	0	1335.91	18
10.32	8.551	0	1338.12	18
10.34	8.552	0.001	1340.31	18
10.36	8.552	0	1342.51	18
10.38	8.553	0.001	1344.71	18
10.4	8.553	0.001	1346.91	18
10.42	8.553	0	1349.11	18
10.44	8.554	0	1351.31	18
10.46	8.555	0.001	1353.51	18
10.48	8.555	0	1355.81	18
10.5	8.555	0	1358.01	18
10.52	8.555	0	1360.2	18
10.54	8.556	0.001	1362.41	18
10.56	8.556	0	1364.6	18
10.58	8.557	0	1366.8	18
10.6	8.557	0	1369.1	18
10.62	8.557	0.001	1371.5	18
10.64	8.559	0.001	1373.7	18
10.66	8.558	0	1375.9	18
10.68	8.559	0	1378.1	18
10.7	8.559	0	1380.3	18
10.72	8.559	0	1382.5	18
10.74	8.56	0.001	1384.7	18
10.76	8.56	0.001	1386.89	18
10.78	8.561	0	1389.1	18
10.8	8.561	0	1391.59	18
10.82	8.561	0	1393.79	18
10.84	8.562	0.001	1396	18
10.86	8.562	0	1398.19	18
10.88	8.562	0	1400.39	18
10.9	8.563	0.001	1402.59	18
10.92	8.564	0.001	1404.79	18
10.94	8.564	0	1406.99	18
10.96	8.564	0	1409.19	18
10.98	8.565	0.001	1411.39	18
11	8.565	0	1413.69	18
11.02	8.565	0	1415.89	18
11.04	8.566	0.001	1418.08	18
11.06	8.566	0	1420.29	18
11.08	8.566	0.001	1422.48	18
11.1	8.566	0	1424.68	18
11.12	8.567	0.001	1426.88	18
11.14	8.567	0.001	1429.08	18
11.16	8.567	0	1431.28	18
11.18	8.568	0.001	1433.48	18
11.2	8.568	0.001	1435.68	18
11.22	8.569	0.001	1437.88	18
11.24	8.569	0	1440.18	18
11.26	8.57	0.001	1442.38	18
11.28	8.57	0	1444.58	18
11.3	8.579	0.009	1448.78	18
11.32	8.579	0.001	1451.18	18
11.34	8.576	-0.003	1453.37	18
11.36	8.578	0.002	1455.57	18
11.38	8.578	0	1457.77	18
11.4	8.579	0.001	1459.97	18
11.42	8.578	0	1462.17	18
11.44	8.578	0	1464.37	18
11.46	8.579	0.001	1466.57	18
11.48	8.579	0	1468.76	18
11.5	8.58	0.001	1470.97	18
11.52	8.58	0	1473.16	18
11.54	8.58	0	1475.36	18
11.56	8.58	0	1477.57	18
11.58	8.581	0	1479.76	18
11.6	8.581	0	1481.96	18
11.62	8.581	0	1484.16	18
11.64	8.582	0.001	1486.36	18
11.66	8.582	0	1488.56	18
11.68	8.583	0	1490.86	18
11.7	8.583	0	1493.06	18
11.72	8.584	0.001	1495.27	18
11.74	8.584	0	1497.46	18
11.76	8.584	0	1499.66	18
11.78	8.585	0.001	1501.86	18
11.8	8.585	0	1504.05	18
11.82	8.585	0.001	1506.25	18
11.84	8.586	0.001	1508.46	18
11.86	8.586	0	1510.65	18
11.88	8.587	0	1512.85	18
11.9	8.587	0	1515.05	18
11.92	8.587	0	1517.25	18
11.94	8.588	0	1519.45	18
11.96	8.588	0.001	1521.65	18
11.98	8.589	0	1523.85	18
12	8.589	0	1526.15	18
12.02	8.589	0	1528.34	18
12.04	8.59	0.001	1530.54	18
12.06	8.59	0.001	1532.84	18
12.08	8.59	0	1535.14	18
12.1	8.591	0	1537.34	18
12.12	8.591	0	1539.54	18
12.14	8.592	0.001	1541.74	18
12.16	8.592	0	1544.04	18
12.18	8.592	0	1546.24	18
12.2	8.593	0.001	1548.44	18
12.22	8.593	0	1550.64	18
12.24	8.594	0	1552.93	18
12.26	8.594	0	1555.13	18
12.28	8.594	0	1557.34	18
12.3	8.595	0	1559.53	18
12.32	8.595	0	1561.73	18
12.34	8.595	0	1563.93	18
12.36	8.596	0.001	1566.13	18
12.38	8.597	0	1568.33	18
12.4	8.597	0	1570.53	18
12.42	8.597	0	1572.73	18
12.44	8.598	0	1574.93	18
12.46	8.598	0.001	1577.13	18
12.48	8.599	0.001	1579.32	18
12.5	8.599	0	1581.52	18
12.52	8.599	0	1583.73	18
12.54	8.6	0	1585.92	18
12.56	8.6	0.001	1588.12	18
12.58	8.6	0	1590.33	18
12.6	8.601	0	1592.62	18
12.62	8.601	0	1594.82	18
12.64	8.602	0	1597.02	18
12.66	8.602	0	1599.22	18
12.68	8.602	0	1601.42	18
12.7	8.603	0.001	1603.62	18
12.72	8.603	0	1605.82	18
12.74	8.604	0	1608.02	18
12.76	8.604	0.001	1610.21	18
12.78	8.604	0	1612.41	18
12.8	8.605	0	1614.62	18
12.82	8.606	0.001	1616.81	18
12.84	8.606	0	1619.01	18
12.86	8.606	0	1621.21	18
12.88	8.606	0	1623.41	18
12.9	8.608	0.001	1625.61	18
12.92	8.608	0	1627.81	18
12.94	8.608	0.001	1630.01	18
12.96	8.608	0	1632.21	18
12.98	8.609	0	1634.41	18
13	8.609	0	1636.6	18
13.02	8.61	0	1638.8	18
13.04	8.61	0	1641.01	18
13.06	8.61	0.001	1643.2	18
13.08	8.611	0	1645.4	18
13.1	8.611	0	1647.6	18
13.12	8.611	0	1649.8	18
13.14	8.612	0.001	1652	18
13.16	8.612	0	1654.2	18
13.18	8.612	0	1656.4	18
13.2	8.613	0.001	1658.6	18
13.22	8.614	0.001	1660.8	18
13.24	8.614	0	1662.99	18
13.26	8.614	0	1665.19	18
13.28	8.615	0	1667.4	18
13.3	8.615	0	1669.59	18
13.32	8.616	0.001	1671.79	18
13.34	8.616	0	1673.99	18
13.36	8.617	0	1676.19	18
13.38	8.617	0.001	1678.39	18
13.4	8.617	0	1680.6	18
13.42	8.618	0	1682.79	18
13.44	8.618	0	1684.99	18
13.46	8.619	0	1687.2	18
13.48	8.619	0	1689.39	18
13.5	8.619	0	1691.59	18
13.52	8.62	0.001	1693.8	18
13.54	8.621	0	1695.98	18
13.56	8.621	0	1698.18	18
13.58	8.621	0.001	1700.48	18
13.6	8.622	0	1702.68	18
13.62	8.622	0	1704.89	18
13.64	8.623	0	1707.08	18
13.66	8.623	0.001	1709.28	18
13.68	8.623	0	1711.48	18
13.7	8.624	0.001	1713.78	18
13.72	8.624	0	1715.98	18
13.74	8.625	0	1718.17	18
13.76	8.625	0	1720.37	18
13.78	8.626	0	1722.58	18
13.8	8.626	0.001	1724.77	18
13.82	8.627	0	1726.97	18
13.84	8.627	0	1729.18	18
13.86	8.628	0.001	1731.37	18
13.88	8.628	0.001	1733.57	18
13.9	8.628	0	1735.77	18
13.92	8.629	0	1737.97	18
13.94	8.629	0	1740.17	18
13.96	8.629	0	1742.37	18
13.98	8.63	0.001	1744.56	18
14	8.63	0	1746.76	18
14.02	8.63	0	1749.06	18
14.04	8.631	0	1751.26	18
14.06	8.631	0.001	1753.47	18
14.08	8.632	0	1755.66	18
14.1	8.632	0.001	1757.86	18
14.12	8.633	0	1760.06	18
14.14	8.633	0.001	1762.26	18
14.16	8.633	0	1764.46	18
14.18	8.634	0.001	1766.66	18
14.2	8.634	0	1768.86	18
14.22	8.635	0	1771.16	18
14.24	8.635	0	1773.36	18
14.26	8.635	0	1775.55	18
14.28	8.636	0.001	1777.76	18
14.3	8.636	0	1779.95	18
14.32	8.637	0	1782.15	18
14.34	8.637	0	1784.35	18
14.36	8.638	0	1786.55	18
14.38	8.638	0.001	1788.75	18
14.4	8.639	0	1790.95	18
14.42	8.639	0	1793.15	18
14.44	8.64	0	1795.35	18
14.46	8.64	0	1797.55	18
14.48	8.64	0	1799.74	18
14.5	8.641	0.001	1801.94	18
14.52	8.642	0.001	1804.24	18
14.54	8.642	0	1806.44	18
14.56	8.643	0.001	1808.65	18
14.58	8.643	0	1810.84	18
14.6	8.644	0	1813.04	18
14.62	8.644	0	1815.24	18
14.64	8.644	0	1817.44	18
14.66	8.645	0	1819.64	18
14.68	8.645	0	1821.84	18
14.7	8.645	0	1824.04	18
14.72	8.646	0	1826.24	18
14.74	8.646	0.001	1828.44	18
14.76	8.647	0.001	1830.63	18
14.78	8.648	0	1832.83	18
14.8	8.648	0	1835.04	18
14.82	8.648	0	1837.33	18
14.84	8.649	0	1839.54	18
14.86	8.65	0.001	1841.73	18
14.88	8.65	0	1843.93	18
14.9	8.65	0	1846.13	18
14.92	8.651	0	1848.33	18
14.94	8.651	0	1850.53	18
14.96	8.652	0.001	1852.74	18
14.98	8.652	0	1854.93	18
15	8.653	0.001	1857.13	18
15.02	8.653	0	1859.33	18
15.04	8.653	0.001	1861.52	18
15.06	8.654	0	1863.72	18
15.08	8.654	0	1865.93	18
15.1	8.655	0.001	1868.12	18
15.12	8.655	0	1870.32	18
15.14	8.656	0	1872.53	18
15.16	8.656	0.001	1874.72	18
15.18	8.657	0	1876.92	18
15.2	8.657	0	1879.12	18
15.22	8.657	0	1881.32	18
15.24	8.658	0.001	1883.51	18
15.26	8.658	0	1885.72	18
15.28	8.659	0.001	1887.91	18
15.3	8.659	0	1890.11	18
15.32	8.66	0.001	1892.32	18
15.34	8.66	0	1894.51	18
15.36	8.661	0.001	1896.71	18
15.38	8.662	0	1898.91	18
15.4	8.662	0	1901.11	18
15.42	8.663	0.001	1903.41	18
15.44	8.663	0.001	1905.71	18
15.46	8.664	0.001	1907.91	18
15.48	8.664	0	1910.1	18
15.5	8.664	0	1912.41	18
15.52	8.665	0.001	1914.6	18
15.54	8.666	0.001	1916.8	18
15.56	8.666	0.001	1919.01	18
15.58	8.666	0	1921.2	18
15.6	8.667	0.001	1923.4	18
15.62	8.667	0	1925.6	18
15.64	8.668	0.001	1927.9	18
15.66	8.668	0	1930.1	18
15.68	8.669	0.001	1932.3	18
15.7	8.669	0.001	1934.5	18
15.72	8.67	0.001	1936.7	18
15.74	8.67	0	1938.89	18
15.76	8.671	0.001	1941.09	18
15.78	8.671	0.001	1943.3	18
15.8	8.672	0	1945.49	18
15.82	8.672	0.001	1947.69	18
15.84	8.673	0.001	1949.89	18
15.86	8.673	0	1952.09	18
15.88	8.674	0.001	1954.29	18
15.9	8.675	0.001	1956.49	18
15.92	8.675	0	1958.69	18
15.94	8.675	0.001	1960.89	18
15.96	8.676	0	1963.19	18
15.98	8.676	0.001	1965.39	18
16	8.677	0	1967.59	18
16.02	8.677	0	1969.78	18
16.04	8.678	0.001	1971.98	18
16.06	8.678	0	1974.19	18
16.08	8.678	0	1976.38	18
16.1	8.679	0.001	1978.58	18
16.12	8.68	0	1980.78	18
16.14	8.68	0	1983.08	18
16.16	8.68	0	1985.38	18
16.18	8.681	0.001	1987.58	18
16.2	8.682	0.001	1989.78	18
16.22	8.682	0	1991.98	18
16.24	8.682	0	1994.17	18
16.26	8.683	0.001	1996.38	18
16.28	8.683	0	1998.57	18
16.3	8.684	0.001	2000.77	18
16.32	8.685	0	2002.98	18
16.34	8.685	0.001	2005.17	18
16.36	8.686	0.001	2007.37	18
16.38	8.686	0	2009.57	18
16.4	8.687	0.001	2011.87	18
16.42	8.687	0	2014.07	18
16.44	8.688	0.001	2016.37	18
16.46	8.688	0	2018.57	18
16.48	8.688	0	2020.77	18
16.5	8.689	0	2022.96	18
16.52	8.689	0	2025.17	18
16.54	8.69	0.001	2027.36	18
16.56	8.69	0	2029.56	18
16.58	8.691	0	2031.77	18
16.6	8.692	0.001	2033.96	18
16.62	8.692	0	2036.16	18
16.64	8.692	0	2038.36	18
16.66	8.693	0.001	2040.56	18
16.68	8.694	0.001	2042.76	18
16.7	8.694	0	2045.06	18
16.72	8.695	0.001	2047.26	18
16.74	8.695	0	2049.56	18
16.76	8.695	0.001	2051.76	18
16.78	8.696	0.001	2053.96	18
16.8	8.696	0	2056.15	18
16.82	8.697	0	2058.35	18
16.84	8.697	0.001	2060.56	18
16.86	8.698	0.001	2062.75	18
16.88	8.698	0	2064.95	18
16.9	8.699	0.001	2067.15	18
16.92	8.699	0	2069.35	18
16.94	8.7	0.001	2071.55	18
16.96	8.701	0	2073.75	18
16.98	8.701	0	2075.94	18
17	8.702	0	2078.14	18
17.02	8.702	0.001	2080.35	18
17.04	8.703	0	2082.64	18
17.06	8.703	0	2084.85	18
17.08	8.704	0.001	2087.04	18
17.1	8.704	0	2089.24	18
17.12	8.705	0.001	2091.44	18
17.14	8.705	0	2093.64	18
17.16	8.706	0	2095.84	18
17.18	8.706	0.001	2098.04	18
17.2	8.706	0	2100.34	18
17.22	8.707	0.001	2102.54	18
17.24	8.708	0	2104.73	18
17.26	8.708	0	2107.04	18
17.28	8.709	0.001	2109.33	18
17.3	8.71	0.001	2111.54	18
17.32	8.71	0.001	2113.73	18
17.34	8.711	0	2115.93	18
17.36	8.711	0.001	2118.13	18
17.38	8.711	0	2120.33	18
17.4	8.712	0.001	2122.53	18
17.42	8.713	0.001	2124.73	18
17.44	8.713	0	2126.93	18
17.46	8.714	0.001	2129.23	18
17.48	8.714	0	2131.43	18
17.5	8.715	0	2133.62	18
17.52	8.715	0	2135.83	18
17.54	8.716	0.001	2138.02	18
17.56	8.716	0.001	2140.22	18
17.58	8.717	0.001	2142.42	18
17.6	8.717	0	2144.62	18
17.62	8.718	0.001	2146.82	18
17.64	8.719	0	2149.02	18
17.66	8.719	0.001	2151.22	18
17.68	8.719	0	2153.42	18
17.7	8.72	0.001	2155.62	18
17.72	8.72	0	2157.81	18
17.74	8.721	0.001	2160.01	18
17.76	8.722	0	2162.22	18
17.78	8.722	0	2164.41	18
17.8	8.722	0	2166.61	18
17.82	8.723	0.001	2168.82	18
17.84	8.724	0.001	2171.01	18
17.86	8.725	0.001	2173.31	18
17.88	8.725	0.001	2175.51	18
17.9	8.726	0	2177.71	18
17.92	8.726	0	2179.91	18
17.94	8.726	0	2182.11	18
17.96	8.727	0.001	2184.31	18
17.98	8.727	0.001	2186.51	18
18	8.728	0.001	2188.7	18
18.02	8.729	0	2190.9	18
18.04	8.729	0.001	2193.11	18
18.06	8.729	0	2195.3	18
18.08	8.731	0.001	2197.5	18
18.1	8.73	0	2199.7	18
18.12	8.732	0.001	2201.9	18
18.14	8.732	0	2204.1	18
18.16	8.732	0.001	2206.3	18
18.18	8.733	0	2208.5	18
18.2	8.734	0.001	2210.7	18
18.22	8.735	0.001	2212.9	18
18.24	8.735	0	2215.09	18
18.26	8.735	0	2217.29	18
18.28	8.736	0.001	2219.69	18
18.3	8.737	0.001	2221.9	18
18.32	8.737	0	2224.09	18
18.34	8.737	0	2226.29	18
18.36	8.738	0.001	2228.49	18
18.38	8.738	0	2230.69	18
18.4	8.739	0	2232.89	18
18.42	8.739	0	2235.09	18
18.44	8.74	0.001	2237.29	18
18.46	8.74	0	2239.49	18
18.48	8.742	0.001	2241.69	18
18.5	8.742	0	2243.88	18
18.52	8.742	0	2246.08	18
18.54	8.743	0.001	2248.29	18
18.56	8.743	0	2250.48	18
18.58	8.744	0.001	2252.68	18
18.6	8.744	0	2254.88	18
18.62	8.745	0.001	2257.08	18
18.64	8.745	0	2259.28	18
18.66	8.747	0.001	2261.49	18
18.68	8.746	-0.001	2263.68	18
18.7	8.748	0.001	2265.88	18
18.72	8.748	0	2268.09	18
18.74	8.748	0	2270.28	18
18.76	8.749	0.001	2272.48	18
18.78	8.75	0.001	2274.69	18
18.8	8.75	0	2276.87	18
18.82	8.751	0	2279.07	18
18.84	8.751	0	2281.28	18
18.86	8.752	0.001	2283.47	18
18.88	8.753	0.001	2285.67	18
18.9	8.753	0	2287.87	18
18.92	8.754	0.001	2290.07	18
18.94	8.754	0	2292.27	18
18.96	8.755	0.001	2294.47	18
18.98	8.755	0.001	2296.66	18
19	8.755	0	2298.86	18
19.02	8.756	0.001	2301.07	18
19.04	8.757	0.001	2303.26	18
19.06	8.758	0.001	2305.46	18
19.08	8.758	0	2307.76	18
19.1	8.759	0	2309.96	18
19.12	8.759	0.001	2312.16	18
19.14	8.759	0	2314.36	18
19.16	8.761	0.001	2316.56	18
19.18	8.761	0.001	2318.76	18
19.2	8.762	0	2320.96	18
19.22	8.762	0.001	2323.16	18
19.24	8.763	0	2325.36	18
19.26	8.763	0	2327.55	18
19.28	8.764	0.001	2329.75	18
19.3	8.764	0	2331.96	18
19.32	8.765	0.001	2334.15	18
19.34	8.766	0	2336.35	18
19.36	8.766	0.001	2338.55	18
19.38	8.767	0	2340.85	18
19.4	8.768	0.001	2343.05	18
19.42	8.769	0.001	2345.25	18
19.44	8.769	0	2347.45	18
19.46	8.77	0.001	2349.65	18
19.48	8.77	0	2351.84	18
19.5	8.771	0.001	2354.04	18
19.52	8.772	0.001	2356.25	18
19.54	8.772	0	2358.44	18
19.56	8.773	0	2360.64	18
19.58	8.773	0	2362.85	18
19.6	8.774	0.001	2365.04	18
19.62	8.775	0	2367.24	18
19.64	8.776	0.002	2369.44	18
19.66	8.776	0	2371.64	18
19.68	8.776	0	2373.84	18
19.7	8.777	0.001	2376.04	18
19.72	8.777	0	2378.23	18
19.74	8.778	0.001	2380.43	18
19.76	8.779	0.001	2382.64	18
19.78	8.78	0	2384.83	18
19.8	8.78	0	2387.03	18
19.82	8.781	0.001	2389.24	18
19.84	8.781	0.001	2391.43	18
19.86	8.782	0.001	2393.73	18
19.88	8.783	0	2395.93	18
19.9	8.783	0.001	2398.13	18
19.92	8.784	0.001	2400.33	18
19.94	8.784	0	2402.53	18
19.96	8.785	0.001	2404.73	18
19.98	8.786	0.001	2406.93	18
20	8.786	0	2409.22	18
20.02	8.782	-0.004	2432.62	18
20.04	8.782	-0.001	2434.82	18
20.06	8.781	0	2437.01	18
20.08	8.781	0	2439.32	18
20.1	8.781	0	2441.51	18
20.12	8.781	0	2443.71	18
20.14	8.781	0	2445.92	18
20.16	8.782	0.001	2448.11	18
20.18	8.783	0.001	2450.31	18
20.2	8.784	0.001	2452.51	18
20.22	8.786	0.001	2454.72	18
20.24	8.787	0.002	2456.91	18
20.26	8.788	0.001	2459.12	18
20.28	8.789	0.001	2461.31	18
20.3	8.791	0.002	2463.51	18
20.32	8.792	0	2465.71	18
20.34	8.794	0.002	2467.9	18
20.36	8.795	0.001	2470.1	18
20.38	8.795	0.001	2472.31	18
20.4	8.796	0.001	2474.5	18
20.42	8.798	0.001	2476.7	18
20.44	8.798	0.001	2478.91	18
20.46	8.799	0.001	2481.1	18
20.48	8.799	0	2483.4	18
20.5	8.8	0.001	2485.6	18
20.52	8.801	0.001	2487.8	18
20.54	8.801	0	2490	18
20.56	8.803	0.001	2492.19	18
20.58	8.803	0	2494.39	18
20.6	8.804	0.001	2496.6	18
20.62	8.805	0.001	2498.79	18
20.64	8.805	0	2500.99	18
20.66	8.805	0	2503.19	18
20.68	8.806	0.001	2505.39	18
20.7	8.807	0.001	2507.59	18
20.72	8.807	0	2509.79	18
20.74	8.808	0.001	2511.99	18
20.76	8.809	0.001	2514.19	18
20.78	8.81	0.001	2516.39	18
20.8	8.81	0	2518.58	18
20.82	8.811	0	2520.78	18
20.84	8.812	0.001	2522.99	18
20.86	8.813	0.001	2525.18	18
20.88	8.813	0	2527.38	18
20.9	8.814	0.001	2529.58	18
20.92	8.815	0.001	2531.78	18
20.94	8.816	0.001	2533.98	18
20.96	8.816	0	2536.18	18
20.98	8.817	0.001	2538.38	18
21	8.818	0.001	2540.58	18
21.02	8.818	0	2542.78	18
21.04	8.819	0.001	2544.97	18
21.06	8.819	0	2547.17	18
21.08	8.82	0.001	2549.38	18
21.1	8.821	0.001	2551.57	18
21.12	8.822	0	2553.77	18
21.14	8.822	0.001	2555.97	18
21.16	8.823	0.001	2558.17	18
21.18	8.824	0.001	2560.37	18
21.2	8.824	0	2562.57	18
21.22	8.825	0	2564.77	18
21.24	8.826	0.001	2566.97	18
21.26	8.826	0.001	2569.17	18
21.28	8.827	0	2571.36	18
21.3	8.828	0.001	2573.67	18
21.32	8.828	0	2575.86	18
21.34	8.829	0.001	2578.06	18
21.36	8.83	0.001	2580.27	18
21.38	8.83	0.001	2582.46	18
21.4	8.831	0.001	2584.66	18
21.42	8.832	0.001	2586.86	18
21.44	8.833	0.001	2589.06	18
21.46	8.833	0.001	2591.26	18
21.48	8.834	0.001	2593.46	18
21.5	8.835	0.001	2595.66	18
21.52	8.836	0.001	2597.86	18
21.54	8.837	0	2600.06	18
21.56	8.838	0.001	2602.25	18
21.58	8.839	0.001	2604.45	18
21.6	8.839	0	2606.66	18
21.62	8.839	0.001	2608.85	18
21.64	8.84	0.001	2611.05	18
21.66	8.841	0.001	2613.35	18
21.68	8.842	0.001	2615.55	18
21.7	8.842	0	2617.75	18
21.72	8.843	0	2619.95	18
21.74	8.842	-0.001	2622.15	18
21.76	8.841	-0.001	2624.35	18
21.78	8.84	-0.002	2626.54	18
21.8	8.839	-0.001	2628.74	18
21.82	8.837	-0.001	2630.95	18
21.84	8.836	-0.001	2633.14	18
21.86	8.835	-0.001	2635.34	18
21.88	8.835	-0.001	2637.54	18
21.9	8.834	-0.001	2639.74	18
21.92	8.834	0	2641.94	18
21.94	8.833	0	2644.14	18
21.96	8.833	-0.001	2646.34	18
21.98	8.833	0	2648.54	18
22	8.833	0	2650.74	18
22.02	8.834	0.001	2652.94	18
22.04	8.836	0.002	2655.13	18
22.06	8.838	0.002	2657.34	18
22.08	8.839	0.001	2659.53	18
22.1	8.842	0.002	2661.73	18
22.12	8.843	0.001	2663.94	18
22.14	8.844	0.002	2666.13	18
22.16	8.846	0.001	2668.33	18
22.18	8.847	0.002	2670.53	18
22.2	8.848	0.001	2672.73	18
22.22	8.849	0.001	2674.93	18
22.24	8.851	0.001	2677.14	18
22.26	8.852	0.001	2679.33	18
22.28	8.853	0.002	2681.53	18
22.3	8.854	0.001	2683.74	18
22.32	8.855	0.001	2685.93	18
22.34	8.855	0	2688.13	18
22.36	8.856	0	2690.33	18
22.38	8.857	0.001	2692.52	18
22.4	8.858	0.001	2694.72	18
22.42	8.859	0.001	2696.93	18
22.44	8.86	0	2699.12	18
22.46	8.861	0.001	2701.32	18
22.48	8.861	0.001	2703.52	18
22.5	8.862	0.001	2705.72	18
22.52	8.863	0.001	2707.92	18
22.54	8.864	0.001	2710.12	18
22.56	8.865	0.001	2712.31	18
22.58	8.865	0	2714.51	18
22.6	8.866	0.001	2716.72	18
22.62	8.867	0.001	2718.91	18
22.64	8.867	0	2721.11	18
22.66	8.868	0.001	2723.31	18
22.68	8.869	0.001	2725.51	18
22.7	8.87	0.002	2727.71	18
22.72	8.87	0	2729.91	18
22.74	8.871	0	2732.11	18
22.76	8.872	0.001	2734.31	18
22.78	8.872	0.001	2736.51	18
22.8	8.874	0.001	2738.7	18
22.82	8.874	0	2740.9	18
22.84	8.875	0.001	2743.11	18
22.86	8.877	0.002	2745.3	18
22.88	8.877	-0.001	2747.5	18
22.9	8.878	0.001	2749.7	18
22.92	8.879	0	2751.9	18
22.94	8.879	0.001	2754.1	18
22.96	8.88	0	2756.4	18
22.98	8.881	0.001	2758.6	18
23	8.881	0	2760.8	18
23.02	8.883	0.001	2763	18
23.04	8.884	0.001	2765.19	18
23.06	8.885	0.001	2767.4	18
23.08	8.885	0	2769.69	18
23.1	8.886	0	2771.9	18
23.12	8.887	0.001	2774.19	18
23.14	8.887	0	2776.4	18
23.16	8.888	0.001	2778.59	18
23.18	8.889	0.001	2780.79	18
23.2	8.89	0.001	2782.99	18
23.22	8.891	0.001	2785.19	18
23.24	8.891	0.001	2787.39	18
23.26	8.892	0.001	2789.59	18
23.28	8.893	0.001	2791.78	18
23.3	8.894	0.001	2793.98	18
23.32	8.895	0.001	2796.19	18
23.34	8.896	0.001	2798.38	18
23.36	8.897	0.001	2800.58	18
23.38	8.898	0.001	2802.79	18
23.4	8.898	0.001	2804.98	18
23.42	8.899	0.001	2807.18	18
23.44	8.9	0.001	2809.38	18
23.46	8.901	0.001	2811.58	18
23.48	8.902	0.002	2813.78	18
23.5	8.903	0.001	2815.98	18
23.52	8.904	0.001	2818.28	18
23.54	8.904	0.001	2820.48	18
23.56	8.905	0.001	2822.67	18
23.58	8.907	0.001	2824.87	18
23.6	8.907	0	2827.08	18
23.62	8.908	0.001	2829.27	18
23.64	8.909	0.001	2831.47	18
23.66	8.91	0.001	2833.67	18
23.68	8.91	0	2835.87	18
23.7	8.911	0.001	2838.07	18
23.72	8.913	0.001	2840.28	18
23.74	8.913	0.001	2842.47	18
23.76	8.914	0.001	2844.67	18
23.78	8.916	0.002	2846.87	18
23.8	8.916	0	2849.07	18
23.82	8.916	0.001	2851.27	18
23.84	8.918	0.001	2853.47	18
23.86	8.919	0.001	2855.66	18
23.88	8.92	0.001	2857.86	18
23.9	8.921	0.001	2860.07	18
23.92	8.921	0.001	2862.26	18
23.94	8.922	0.001	2864.46	18
23.96	8.924	0.001	2866.66	18
23.98	8.924	0	2868.86	18
24	8.925	0.001	2871.06	18
24.02	8.925	0.001	2873.26	18
24.04	8.926	0.001	2875.45	18
24.06	8.927	0.001	2877.65	18
24.08	8.928	0.001	2879.86	18
24.1	8.93	0.001	2882.05	18
24.12	8.931	0.001	2884.25	18
24.14	8.932	0.001	2886.45	18
24.16	8.933	0.001	2888.65	18
24.18	8.934	0.001	2890.85	18
24.2	8.934	0	2893.05	18
24.22	8.935	0.001	2895.25	18
24.24	8.936	0.001	2897.45	18
24.26	8.938	0.002	2899.65	18
24.28	8.938	0	2901.84	18
24.3	8.94	0.002	2904.04	18
24.32	8.941	0.001	2906.25	18
24.34	8.941	0	2908.44	18
24.36	8.942	0.001	2910.64	18
24.38	8.943	0.001	2912.84	18
24.4	8.944	0.001	2915.04	18
24.42	8.945	0.001	2917.24	18
24.44	8.945	0.001	2919.44	18
24.46	8.947	0.002	2921.64	18
24.48	8.948	0.001	2923.84	18
24.5	8.949	0.001	2926.04	18
24.52	8.949	0.001	2928.23	18
24.54	8.95	0.001	2930.43	18
24.56	8.951	0.001	2932.64	18
24.58	8.953	0.002	2934.83	18
24.6	8.954	0.001	2937.03	18
24.62	8.958	0.004	2939.83	18
24.64	8.956	-0.002	2942.03	18
24.66	8.958	0.002	2944.23	18
24.68	8.958	0	2946.43	18
24.7	8.959	0.001	2948.63	18
24.72	8.96	0.001	2950.83	18
24.74	8.961	0.001	2953.03	18
24.76	8.963	0.002	2955.23	18
24.78	8.964	0.001	2957.42	18
24.8	8.965	0.001	2959.63	18
24.82	8.965	0.001	2961.82	18
24.84	8.967	0.001	2964.02	18
24.86	8.968	0.001	2966.23	18
24.88	8.97	0.002	2968.42	18
24.9	8.97	0.001	2970.62	18
24.92	8.971	0.001	2972.82	18
24.94	8.972	0.001	2975.02	18
24.96	8.974	0.002	2977.22	18
24.98	8.974	0	2979.42	18
25	8.975	0.001	2981.62	18
25.02	8.976	0.001	2983.81	18
25.04	8.978	0.002	2986.02	18
25.06	8.978	0	2988.21	18
25.08	8.98	0.002	2990.41	18
25.1	8.981	0.001	2992.62	18
25.12	8.982	0.001	2994.81	18
25.14	8.983	0.001	2997.01	18
25.16	8.985	0.001	2999.21	18
25.18	8.986	0.001	3001.41	18
25.2	8.988	0.002	3003.61	18
25.22	8.987	-0.001	3005.81	18
25.24	8.988	0.001	3008.01	18
25.26	8.989	0.001	3010.21	18
25.28	8.99	0.001	3012.41	18
25.3	8.992	0.001	3014.6	18
25.32	8.993	0.001	3016.8	18
25.34	8.994	0.001	3019.01	18
25.36	8.995	0.001	3021.3	18
25.38	8.997	0.002	3023.51	18
25.4	8.999	0.002	3025.7	18
25.42	8.998	-0.001	3027.9	18
25.44	8.999	0.001	3030.1	18
25.46	9.001	0.002	3032.3	18
25.48	9.001	0.001	3034.5	18
25.5	9.003	0.002	3036.71	18
25.52	9.004	0.001	3038.9	18
25.54	9.005	0.002	3041.1	18
25.56	9.006	0.001	3043.3	18
25.58	9.007	0.001	3045.49	18
25.6	9.009	0.002	3047.69	18
25.62	9.01	0.001	3049.9	18
25.64	9.011	0.001	3052.09	18
25.66	9.015	0.004	3054.29	18
25.68	9.015	0	3056.49	18
25.7	9.016	0.001	3058.69	18
25.72	9.017	0.001	3060.89	18
25.74	9.018	0.001	3063.09	18
25.76	9.019	0.001	3065.28	18
25.78	9.02	0.002	3067.48	18
25.8	9.021	0.001	3069.69	18
25.82	9.023	0.002	3071.88	18
25.84	9.024	0.001	3074.08	18
25.86	9.024	0	3076.29	18
25.88	9.028	0.004	3078.48	18
25.9	9.028	0	3080.68	18
25.92	9.029	0.001	3082.88	18
25.94	9.03	0.001	3085.08	18
25.96	9.031	0.001	3087.28	18
25.98	9.032	0.001	3089.48	18
26	9.033	0.001	3091.68	18
26.02	9.036	0.002	3093.87	18
26.04	9.036	0.001	3096.08	18
26.06	9.038	0.002	3098.27	18
26.08	9.038	0.001	3100.47	18
26.1	9.04	0.002	3102.68	18
26.12	9.041	0.001	3104.87	18
26.14	9.044	0.002	3107.07	18
26.16	9.045	0.001	3109.37	18
26.18	9.046	0.001	3111.57	18
26.2	9.047	0.001	3113.77	18
26.22	9.048	0.001	3115.97	18
26.24	9.049	0.001	3118.17	18
26.26	9.051	0.002	3120.37	18
26.28	9.053	0.002	3122.56	18
26.3	9.054	0.001	3124.76	18
26.32	9.055	0.001	3126.97	18
26.34	9.056	0.002	3129.16	18
26.36	9.059	0.003	3131.36	18
26.38	9.059	0	3133.56	18
26.4	9.06	0.001	3135.76	18
26.42	9.063	0.002	3137.96	18
26.44	9.065	0.002	3140.16	18
26.46	9.065	0	3142.36	18
26.48	9.066	0.001	3144.56	18
26.5	9.069	0.003	3146.76	18
26.52	9.07	0.001	3148.95	18
26.54	9.07	0	3151.15	18
26.56	9.071	0.001	3153.36	18
26.58	9.073	0.002	3155.55	18
26.6	9.075	0.002	3157.75	18
26.62	9.076	0.001	3159.95	18
26.64	9.077	0.001	3162.15	18
26.66	9.079	0.002	3164.35	18
26.68	9.08	0.001	3166.55	18
26.7	9.082	0.003	3168.75	18
26.72	9.083	0.001	3170.95	18
26.74	9.085	0.002	3173.15	18
26.76	9.088	0.003	3175.34	18
26.78	9.088	0	3177.54	18
26.8	9.093	0.005	3179.94	18
26.82	9.094	0.002	3182.15	18
26.84	9.094	0	3184.34	18
26.86	9.095	0.001	3186.54	18
26.88	9.095	0.001	3188.74	18
26.9	9.098	0.003	3190.94	18
26.92	9.099	0.001	3193.14	18
26.94	9.1	0.001	3195.34	18
26.96	9.102	0.002	3197.54	18
26.98	9.105	0.003	3199.74	18
27	9.105	0	3201.94	18
27.02	9.107	0.002	3204.13	18
27.04	9.109	0.003	3206.33	18
27.06	9.112	0.003	3208.54	18
27.08	9.112	0	3210.73	18
27.1	9.114	0.002	3212.93	18
27.12	9.115	0.001	3215.14	18
27.14	9.116	0.002	3217.33	18
27.16	9.12	0.004	3219.53	18
27.18	9.122	0.002	3221.73	18
27.2	9.125	0.002	3224.33	18
27.22	9.124	-0.001	3226.54	18
27.24	9.126	0.002	3228.73	18
27.26	9.126	0	3230.93	18
27.28	9.128	0.002	3233.13	18
27.3	9.13	0.002	3235.33	18
27.32	9.131	0.001	3237.52	18
27.34	9.133	0.002	3239.73	18
27.36	9.134	0.001	3241.92	18
27.38	9.137	0.003	3244.23	18
27.4	9.14	0.003	3246.42	18
27.42	9.14	0	3248.62	18
27.44	9.142	0.002	3250.82	18
27.46	9.144	0.002	3253.02	18
27.48	9.146	0.002	3255.22	18
27.5	9.148	0.002	3257.42	18
27.52	9.152	0.004	3259.71	18
27.54	9.15	-0.002	3261.92	18
27.56	9.153	0.002	3264.11	18
27.58	9.156	0.003	3266.31	18
27.6	9.157	0.001	3268.52	18
27.62	9.158	0.002	3270.71	18
27.64	9.161	0.003	3272.91	18
27.66	9.162	0.001	3275.11	18
27.68	9.164	0.001	3277.31	18
27.7	9.167	0.003	3279.51	18
27.72	9.168	0.001	3281.71	18
27.74	9.171	0.003	3283.91	18
27.76	9.173	0.002	3286.1	18
27.78	9.176	0.003	3288.31	18
27.8	9.178	0.001	3290.5	18
27.82	9.18	0.002	3292.7	18
27.84	9.182	0.002	3294.91	18
27.86	9.184	0.002	3297.1	18
27.88	9.186	0.002	3299.3	18
27.9	9.187	0.001	3301.5	18
27.92	9.189	0.002	3303.7	18
27.94	9.193	0.003	3305.9	18
27.96	9.197	0.005	3308.1	18
27.98	9.197	0	3310.3	18
28	9.199	0.001	3312.49	18
28.02	9.205	0.006	3314.7	18
28.04	9.202	-0.003	3316.89	18
28.06	9.211	0.009	3320.89	18
28.08	9.21	-0.001	3323.29	18
28.1	9.211	0.001	3325.5	18
28.12	9.21	-0.001	3327.69	18
28.14	9.212	0.002	3329.89	18
28.16	9.215	0.003	3332.09	18
28.18	9.217	0.001	3334.29	18
28.2	9.223	0.006	3337.19	18
28.22	9.224	0.001	3339.39	18
28.24	9.228	0.004	3341.78	18
28.26	9.227	-0.001	3343.98	18
28.28	9.232	0.005	3347.48	18
28.3	9.232	0	3349.68	18
28.32	9.234	0.001	3351.88	18
28.34	9.235	0.002	3354.08	18
28.36	9.238	0.003	3356.28	18
28.38	9.243	0.004	3358.48	18
28.4	9.243	0	3360.68	18
28.42	9.246	0.003	3362.88	18
28.44	9.252	0.006	3365.28	18
28.46	9.251	0	3367.48	18
28.48	9.255	0.003	3369.67	18
28.5	9.257	0.002	3371.87	18
28.52	9.258	0.001	3374.08	18
28.54	9.263	0.004	3376.27	18
28.56	9.263	0	3378.47	18
28.58	9.266	0.004	3380.67	18
28.6	9.269	0.002	3382.87	18
28.62	9.274	0.005	3386.17	18
28.64	9.279	0.005	3389.67	18
28.66	9.279	0	3391.87	18
28.68	9.282	0.003	3394.07	18
28.7	9.283	0.001	3396.27	18
28.72	9.284	0.002	3398.46	18
28.74	9.289	0.004	3400.66	18
28.76	9.293	0.004	3402.87	18
28.78	9.295	0.003	3405.06	18
28.8	9.297	0.001	3407.26	18
28.82	9.301	0.004	3409.46	18
28.84	9.304	0.004	3411.96	18
28.86	9.306	0.002	3414.16	18
28.88	9.31	0.004	3416.36	18
28.9	9.313	0.002	3418.56	18
28.92	9.316	0.003	3420.76	18
28.94	9.32	0.004	3422.96	18
28.96	9.322	0.002	3425.15	18
28.98	9.324	0.002	3427.35	18
29	9.329	0.005	3429.56	18
29.02	9.332	0.003	3431.75	18
29.04	9.337	0.005	3437.45	18
29.06	9.339	0.002	3440.35	18
29.08	9.34	0.001	3442.55	18
29.1	9.342	0.002	3444.75	18
29.12	9.348	0.006	3447.45	18
29.14	9.349	0.001	3449.66	18
29.16	9.353	0.004	3451.85	18
29.18	9.362	0.009	3455.55	18
29.2	9.362	0	3457.84	18
29.22	9.364	0.001	3460.04	18
29.24	9.369	0.005	3462.25	18
29.26	9.379	0.011	3466.34	18
29.28	9.378	-0.001	3468.74	18
29.3	9.381	0.003	3470.95	18
29.32	9.386	0.005	3473.14	18
29.34	9.39	0.004	3475.34	18
29.36	9.392	0.002	3477.54	18
29.38	9.398	0.006	3480.43	18
29.4	9.403	0.004	3483.24	18
29.42	9.402	0	3485.43	18
29.44	9.407	0.005	3487.63	18
29.46	9.415	0.007	3491.03	18
29.48	9.419	0.005	3493.23	18
29.5	9.424	0.004	3495.53	18
29.52	9.426	0.002	3497.73	18
29.54	9.43	0.005	3499.93	18
29.56	9.434	0.003	3502.13	18
29.58	9.442	0.009	3504.92	18
29.6	9.444	0.002	3507.13	18
29.62	9.452	0.008	3510.32	18
29.64	9.454	0.002	3512.52	18
29.66	9.458	0.004	3514.73	18
29.68	9.467	0.009	3518.12	18
29.7	9.469	0.003	3520.32	18
29.72	9.472	0.003	3522.52	18
29.74	9.481	0.009	3525.32	18
29.76	9.488	0.007	3527.62	18
29.78	9.493	0.005	3531.02	18
29.8	9.499	0.006	3533.72	18
29.82	9.502	0.003	3535.91	18
29.84	9.508	0.006	3538.61	18
29.86	9.514	0.006	3540.82	18
29.88	9.524	0.01	3545.11	18
29.9	9.527	0.003	3547.51	18
29.92	9.539	0.012	3551.81	18
29.94	9.538	0	3554.21	18
29.96	9.546	0.008	3556.71	18
29.98	9.555	0.009	3559.41	18
30	9.558	0.003	3561.61	18
30.02	9.566	0.008	3563.8	18
30.04	9.577	0.011	3567.4	18
30.06	9.582	0.006	3569.7	18
30.08	9.585	0.003	3571.9	18
30.1	9.593	0.008	3574.1	18
30.12	9.603	0.01	3576.3	18
30.14	9.614	0.011	3580.3	18
30.16	9.622	0.008	3582.7	18
30.18	9.637	0.015	3588.89	18
30.2	9.644	0.007	3592.1	18
30.22	9.654	0.01	3595.7	18
30.24	9.659	0.004	3597.99	18
30.26	9.67	0.011	3600.89	18
30.28	9.68	0.01	3603.39	18
30.3	9.687	0.007	3605.79	18
30.32	9.71	0.023	3610.99	18
30.34	9.716	0.006	3613.69	18
30.36	9.728	0.012	3616.28	18
30.38	9.738	0.01	3619.18	18
30.4	9.751	0.013	3621.58	18
30.42	9.765	0.014	3624.68	18
30.44	9.775	0.01	3627.38	18
30.46	9.799	0.023	3631.98	18
30.48	9.821	0.022	3637.78	18
30.5	9.843	0.022	3642.79	18
30.52	9.86	0.017	3647.58	18
30.54	9.88	0.021	3651.97	18
30.56	9.891	0.011	3654.78	18
30.58	9.914	0.023	3658.98	18
30.6	9.929	0.015	3661.87	18
30.62	9.947	0.018	3664.67	18
30.64	9.981	0.035	3669.56	18
30.66	10	0.019	3673.46	18
30.68	10.019	0.018	3676.37	18
30.7	10.034	0.015	3679.07	18
30.72	10.07	0.036	3686.06	18
30.74	10.079	0.009	3689.86	18
30.76	10.09	0.011	3693.66	18
30.78	10.097	0.007	3696.36	18
30.8	10.114	0.017	3702.05	18
30.82	10.114	0	3705.05	18
30.84	10.114	0	3707.26	18
30.86	10.128	0.014	3710.35	18
30.88	10.13	0.002	3712.55	18
30.9	10	-0.129	3744.44	18
30.92	9.923	-0.077	3760.43	18
30.94	9.903	-0.021	3768.43	18
30.96	9.895	-0.007	3772.43	18
30.98	9.893	-0.002	3774.83	18
31	9.898	0.005	3778.22	18
31.02	9.902	0.004	3781.82	18
31.04	9.907	0.005	3784.72	18
31.06	9.908	0	3786.92	18
31.08	9.916	0.008	3789.13	18
31.1	9.934	0.018	3792.92	18
31.12	9.936	0.002	3795.22	18
31.14	9.946	0.01	3799.72	18
31.16	9.955	0.01	3805.02	18
31.18	9.948	-0.007	3807.81	18
31.2	9.952	0.003	3810.01	18
31.22	9.955	0.004	3812.61	18
31.24	9.963	0.008	3815.11	18
31.26	9.97	0.007	3818.51	18
31.28	9.977	0.007	3823.41	18
31.3	9.972	-0.005	3826.32	18
31.32	9.97	-0.002	3828.72	18
31.34	9.973	0.004	3830.91	18
31.36	9.98	0.007	3835.62	18
31.38	9.953	-0.027	3847.31	18
31.4	9.925	-0.029	3853.2	18
31.42	9.918	-0.007	3856.2	18
31.44	9.915	-0.003	3858.4	18
31.46	9.913	-0.002	3862.3	18
31.48	9.917	0.003	3865.69	18
31.5	9.915	-0.002	3869.8	18
31.52	9.914	-0.001	3872.2	18
31.54	9.917	0.003	3876.69	18
31.56	9.918	0	3879.19	18
31.58	9.917	0	3881.39	18
31.6	9.925	0.008	3883.59	18
31.62	9.932	0.007	3886.38	18
31.64	9.933	0.001	3888.59	18
31.66	9.939	0.006	3892.48	18
31.68	9.941	0.002	3896.08	18
31.7	9.936	-0.005	3898.89	18
31.72	9.939	0.003	3902.08	18
31.74	9.931	-0.008	3908.88	18
31.76	9.919	-0.012	3912.28	18
31.78	9.916	-0.003	3914.58	18
31.8	9.916	0	3916.78	18
31.82	9.92	0.004	3918.98	18
31.84	9.924	0.004	3921.77	18
31.86	9.922	-0.002	3928.07	18
31.88	9.915	-0.008	3931.27	18
31.9	9.912	-0.002	3933.47	18
31.92	9.912	-0.001	3935.67	18
31.94	9.913	0.001	3937.87	18
31.96	9.919	0.006	3940.07	18
31.98	9.924	0.005	3943.57	18
32	9.923	-0.001	3945.76	18
32.02	9.926	0.003	3947.96	18
32.04	9.928	0.003	3950.66	18
32.06	9.931	0.003	3953.17	18
32.08	9.931	0	3956.86	18
32.1	9.931	0	3959.16	18
32.12	9.929	-0.002	3961.36	18
32.14	9.931	0.002	3964.86	18
32.16	9.928	-0.003	3967.06	18
32.18	9.931	0.003	3969.25	18
32.2	9.932	0.001	3971.46	18
32.22	9.934	0.002	3974.25	18
32.24	9.933	-0.001	3976.45	18
32.26	9.94	0.007	3978.66	18
32.28	9.939	0	3980.85	18
32.3	9.939	-0.001	3984.45	18
32.32	9.936	-0.003	3986.75	18
32.34	9.934	-0.002	3988.95	18
32.36	9.933	-0.001	3991.15	18
32.38	9.938	0.005	3993.45	18
32.4	9.94	0.002	3995.65	18
32.42	9.926	-0.014	4004.24	18
32.44	9.902	-0.024	4008.84	18
32.46	9.894	-0.007	4011.35	18
32.48	9.892	-0.002	4013.54	18
32.5	9.891	-0.001	4015.74	18
32.52	9.89	-0.001	4017.94	18
32.54	9.895	0.005	4020.14	18
32.56	9.896	0.002	4022.34	18
32.58	9.898	0.002	4024.54	18
32.6	9.904	0.006	4028.33	18
32.62	9.907	0.003	4031.93	18
32.64	9.898	-0.01	4034.23	18
32.66	9.897	-0.001	4036.43	18
32.68	9.897	0	4038.63	18
32.7	9.897	0	4040.83	18
32.72	9.899	0.002	4043.33	18
32.74	9.9	0.001	4045.53	18
32.76	9.901	0.002	4050.93	18
32.78	9.893	-0.008	4053.72	18
32.8	9.89	-0.002	4055.92	18
32.82	9.889	-0.001	4058.13	18
32.84	9.887	-0.003	4060.32	18
32.86	9.891	0.005	4062.52	18
32.88	9.893	0.002	4064.72	18
32.9	9.894	0.001	4066.92	18
32.92	9.897	0.003	4069.52	18
32.94	9.898	0.001	4071.72	18
32.96	9.903	0.005	4074.42	18
32.98	9.899	-0.004	4077.22	18
33	9.899	0	4079.42	18
33.02	9.898	0	4081.61	18
33.04	9.9	0.002	4084.31	18
33.06	9.899	-0.001	4086.51	18
33.08	9.898	-0.001	4088.72	18
33.1	9.901	0.003	4090.91	18
33.12	9.9	-0.001	4093.11	18
33.14	9.902	0.002	4095.31	18
33.16	9.904	0.002	4097.51	18
33.18	9.906	0.002	4099.81	18
33.2	9.908	0.002	4102.11	18
33.22	9.91	0.002	4104.31	18
33.24	9.909	-0.001	4106.5	18
33.26	9.909	0	4108.7	18
33.28	9.912	0.002	4110.91	18
33.3	9.914	0.003	4113.1	18
33.32	9.914	0	4115.3	18
33.34	9.914	-0.001	4117.5	18
33.36	9.912	-0.001	4119.7	18
33.38	9.912	0	4122	18
33.4	9.915	0.003	4124.2	18
33.42	9.916	0.001	4126.4	18
33.44	9.916	0	4128.6	18
33.46	9.915	-0.001	4130.8	18
33.48	9.916	0.001	4132.99	18
33.5	9.915	-0.001	4135.2	18
33.52	9.915	-0.001	4137.49	18
33.54	9.914	-0.001	4139.79	18
33.56	9.911	-0.003	4141.99	18
33.58	9.913	0.003	4144.2	18
33.6	9.913	0	4146.39	18
33.62	9.913	0	4148.79	18
33.64	9.91	-0.003	4150.99	18
33.66	9.911	0.001	4153.2	18
33.68	9.909	-0.002	4155.39	18
33.7	9.912	0.002	4157.59	18
33.72	9.912	0	4159.8	18
33.74	9.911	-0.001	4162.2	18
33.76	9.909	-0.002	4164.39	18
33.78	9.91	0.001	4166.58	18
33.8	9.902	-0.008	4169.28	18
33.82	9.895	-0.008	4171.49	18
33.84	9.884	-0.01	4174.79	18
33.86	9.881	-0.004	4176.98	18
33.88	9.881	0.001	4180.08	18
33.9	9.874	-0.007	4182.28	18
33.92	9.878	0.004	4186.18	18
33.94	9.872	-0.006	4188.47	18
33.96	9.874	0.002	4190.77	18
33.98	9.867	-0.008	4192.97	18
34	9.865	-0.002	4195.18	18
34.02	9.861	-0.004	4197.37	18
34.04	9.86	-0.001	4199.57	18
34.06	9.863	0.003	4201.77	18
34.08	9.865	0.002	4206.37	18
34.1	9.86	-0.004	4210.07	18
34.12	9.856	-0.005	4212.37	18
34.14	9.851	-0.005	4214.57	18
34.16	9.848	-0.003	4216.77	18
34.18	9.845	-0.002	4218.96	18
34.2	9.849	0.004	4221.36	18
34.22	9.848	-0.001	4223.56	18
34.24	9.85	0.002	4225.76	18
34.26	9.849	-0.001	4227.96	18
34.28	9.856	0.006	4231.36	18
34.3	9.85	-0.005	4233.56	18
34.32	9.85	-0.001	4235.76	18
34.34	9.852	0.002	4237.96	18
34.36	9.852	-0.001	4240.16	18
34.38	9.85	-0.002	4245.05	18
34.4	9.848	-0.002	4247.75	18
34.42	9.843	-0.005	4249.95	18
34.44	9.842	-0.001	4252.16	18
34.46	9.839	-0.003	4254.35	18
34.48	9.84	0.001	4260.85	18
34.5	9.831	-0.009	4264.15	18
34.52	9.824	-0.007	4266.35	18
34.54	9.825	0.001	4268.54	18
34.56	9.826	0.001	4271.84	18
34.58	9.828	0.002	4275.64	18
34.6	9.825	-0.002	4277.95	18
34.62	9.821	-0.005	4280.14	18
34.64	9.82	-0.001	4282.34	18
34.66	9.822	0.002	4284.54	18
34.68	9.822	0	4286.74	18
34.7	9.825	0.002	4288.94	18
34.72	9.829	0.004	4291.84	18
34.74	9.826	-0.003	4294.04	18
34.76	9.83	0.004	4296.24	18
34.78	9.829	0	4298.43	18
34.8	9.833	0.004	4300.63	18
34.82	9.836	0.003	4306.23	18
34.84	9.83	-0.006	4309.23	18
34.86	9.824	-0.007	4311.83	18
34.88	9.824	0	4314.03	18
34.9	9.822	-0.001	4316.23	18
34.92	9.822	0	4318.43	18
34.94	9.821	-0.001	4320.63	18
34.96	9.824	0.003	4322.82	18
34.98	9.824	0	4325.03	18
35	9.832	0.008	4330.22	18
35.02	9.821	-0.011	4332.92	18
35.04	9.82	-0.001	4335.12	18
35.06	9.819	-0.001	4337.32	18
35.08	9.824	0.004	4339.72	18
35.1	9.821	-0.002	4341.92	18
35.12	9.819	-0.002	4344.12	18
35.14	9.825	0.005	4347.62	18
35.16	9.825	0	4351.52	18
35.18	9.819	-0.006	4353.83	18
35.2	9.819	0	4356.02	18
35.22	9.818	-0.001	4358.21	18
35.24	9.817	-0.001	4360.42	18
35.26	9.817	0.001	4362.61	18
35.28	9.818	0	4369.41	18
35.3	9.81	-0.007	4372.81	18
35.32	9.807	-0.003	4375.01	18
35.34	9.805	-0.003	4377.3	18
35.36	9.804	-0.001	4379.61	18
35.38	9.802	-0.001	4381.8	18
35.4	9.805	0.002	4384	18
35.42	9.807	0.002	4387.6	18
35.44	9.805	-0.001	4393.9	18
35.46	9.798	-0.007	4397.1	18
35.48	9.796	-0.002	4399.3	18
35.5	9.796	0.001	4401.5	18
35.52	9.8	0.003	4404.2	18
35.54	9.798	-0.002	4407.5	18
35.56	9.803	0.005	4411.1	18
35.58	9.797	-0.006	4413.39	18
35.6	9.799	0.002	4417.09	18
35.62	9.794	-0.004	4419.39	18
35.64	9.796	0.001	4421.6	18
35.66	9.799	0.003	4424.19	18
35.68	9.803	0.004	4426.39	18
35.7	9.802	-0.001	4428.59	18
35.72	9.803	0.001	4431.59	18
35.74	9.804	0.001	4435.09	18
35.76	9.804	0.001	4437.28	18
35.78	9.802	-0.003	4439.48	18
35.8	9.806	0.005	4441.69	18
35.82	9.809	0.003	4445.78	18
35.84	9.807	-0.002	4448.18	18
35.86	9.807	0	4450.38	18
35.88	9.804	-0.003	4455.28	18
35.9	9.8	-0.005	4457.88	18
35.92	9.8	0	4460.08	18
35.94	9.797	-0.002	4462.27	18
35.96	9.801	0.003	4464.48	18
35.98	9.805	0.004	4467.87	18
36	9.806	0.001	4470.57	18
36.02	9.802	-0.003	4472.77	18
36.04	9.803	0	4477.17	18
36.06	9.8	-0.003	4479.67	18
36.08	9.801	0.001	4482.87	18
36.1	9.797	-0.004	4485.07	18
36.12	9.799	0.001	4487.27	18
36.14	9.797	-0.002	4489.46	18
36.16	9.799	0.002	4491.66	18
36.18	9.803	0.004	4493.96	18
36.2	9.801	-0.002	4496.27	18
36.22	9.808	0.008	4498.46	18
36.24	9.808	0	4500.66	18
36.26	9.809	0	4502.86	18
36.28	9.812	0.003	4505.06	18
36.3	9.815	0.003	4508.56	18
36.32	9.811	-0.004	4510.76	18
36.34	9.816	0.005	4512.96	18
36.36	9.818	0.001	4515.16	18
36.38	9.815	-0.003	4519.85	18
36.4	9.813	-0.002	4522.45	18
36.42	9.812	-0.002	4524.95	18
36.44	9.805	-0.007	4531.75	18
36.46	9.796	-0.009	4535.15	18
36.48	9.794	-0.002	4537.36	18
36.5	9.793	-0.001	4539.55	18
36.52	9.796	0.003	4541.95	18
36.54	9.795	-0.001	4544.15	18
36.56	9.792	-0.003	4546.35	18
36.58	9.802	0.011	4549.35	18
36.6	9.799	-0.004	4551.55	18
36.62	9.802	0.003	4553.74	18
36.64	9.803	0.001	4557.45	18
36.66	9.801	-0.002	4559.74	18
36.68	9.8	-0.001	4561.95	18
36.7	9.801	0.001	4564.14	18
36.72	9.805	0.004	4566.34	18
36.74	9.806	0.001	4568.54	18
36.76	9.812	0.006	4570.73	18
36.78	9.812	0	4572.93	18
36.8	9.813	0.001	4575.14	18
36.82	9.816	0.002	4577.33	18
36.84	9.817	0.001	4579.53	18
36.86	9.824	0.008	4581.73	18
36.88	9.825	0	4584.03	18
36.9	9.83	0.005	4587.93	18
36.92	9.825	-0.004	4590.23	18
36.94	9.823	-0.002	4592.43	18
36.96	9.828	0.005	4594.93	18
36.98	9.826	-0.002	4597.63	18
37	9.821	-0.005	4599.82	18
37.02	9.825	0.004	4602.22	18
37.04	9.822	-0.003	4604.42	18
37.06	9.825	0.003	4608.52	18
37.08	9.821	-0.004	4610.92	18
37.1	9.821	0	4613.12	18
37.12	9.819	-0.002	4615.32	18
37.14	9.822	0.002	4617.52	18
37.16	9.823	0.001	4619.72	18
37.18	9.826	0.002	4621.92	18
37.2	9.825	0	4624.11	18
37.22	9.832	0.007	4626.31	18
37.24	9.832	0	4628.61	18
37.26	9.834	0.002	4632.31	18
37.28	9.827	-0.007	4634.61	18
37.3	9.825	-0.002	4636.81	18
37.32	9.828	0.003	4639.21	18
37.34	9.828	0	4641.41	18
37.36	9.826	-0.002	4643.61	18
37.38	9.832	0.007	4647.21	18
37.4	9.831	-0.002	4649.51	18
37.42	9.831	0.001	4651.71	18
37.44	9.832	0.001	4655.6	18
37.46	9.833	0.001	4657.91	18
37.48	9.828	-0.005	4662.6	18
37.5	9.826	-0.002	4665.2	18
37.52	9.82	-0.006	4667.4	18
37.54	9.819	-0.001	4674.1	18
37.56	9.813	-0.007	4677.49	18
37.58	9.81	-0.003	4679.7	18
37.6	9.809	-0.001	4682.29	18
37.62	9.808	0	4684.49	18
37.64	9.808	0	4686.7	18
37.66	9.813	0.005	4688.99	18
37.68	9.816	0.003	4691.2	18
37.7	9.82	0.004	4693.39	18
37.72	9.822	0.003	4695.99	18
37.74	9.825	0.003	4698.2	18
37.76	9.826	0	4700.5	18
37.78	9.827	0.001	4702.69	18
37.8	9.833	0.006	4704.89	18
37.82	9.838	0.005	4707.1	18
37.84	9.843	0.005	4709.29	18
37.86	9.843	0.001	4714.18	18
37.88	9.842	-0.002	4716.78	18
37.9	9.841	-0.001	4719.09	18
37.92	9.84	0	4721.28	18
37.94	9.843	0.003	4723.48	18
37.96	9.846	0.003	4726.08	18
37.98	9.845	-0.002	4728.28	18
38	9.848	0.003	4730.48	18
38.02	9.85	0.002	4732.67	18
38.04	9.851	0.001	4734.87	18
38.06	9.858	0.008	4737.08	18
38.08	9.872	0.013	4741.07	18
38.1	9.864	-0.008	4743.47	18
38.12	9.866	0.002	4745.67	18
38.14	9.872	0.007	4748.67	18
38.16	9.868	-0.004	4750.87	18
38.18	9.867	-0.002	4753.07	18
38.2	9.876	0.009	4756.27	18
38.22	9.874	-0.002	4758.47	18
38.24	9.875	0.001	4760.66	18
38.26	9.876	0.001	4762.87	18
38.28	9.883	0.007	4765.76	18
38.3	9.885	0.002	4767.97	18
38.32	9.89	0.006	4770.16	18
38.34	9.894	0.004	4772.36	18
38.36	9.898	0.004	4774.56	18
38.38	9.904	0.006	4776.76	18
38.4	9.909	0.005	4778.96	18
38.42	9.914	0.005	4781.56	18
38.44	9.919	0.005	4784.96	18
38.46	9.921	0.002	4787.16	18
38.48	9.925	0.004	4789.35	18
38.5	9.932	0.006	4791.55	18
38.52	9.941	0.01	4799.25	18
38.54	9.926	-0.015	4806.35	18
38.56	9.916	-0.01	4810.45	18
38.58	9.915	-0.001	4812.85	18
38.6	9.914	-0.001	4816.34	18
38.62	9.918	0.004	4818.54	18
38.64	9.924	0.006	4820.75	18
38.66	9.936	0.013	4823.24	18
38.68	9.947	0.011	4827.44	18
38.7	9.952	0.005	4830.14	18
38.72	9.96	0.008	4833.24	18
38.74	9.966	0.006	4835.54	18
38.76	9.975	0.01	4837.74	18
38.78	9.994	0.019	4842.43	18
38.8	10.001	0.007	4845.04	18
38.82	10.012	0.011	4847.93	18
38.84	10.022	0.01	4851.23	18
38.86	10.047	0.025	4856.13	18
38.88	10.053	0.006	4858.73	18
38.9	10.069	0.016	4863.23	18
38.92	10.094	0.025	4867.93	18
38.94	10.099	0.005	4870.73	18
38.96	10.125	0.026	4874.92	18
38.98	10.164	0.039	4880.62	18
39	10.203	0.039	4888.52	18
39.02	10.226	0.023	4895.31	18
39.04	10.241	0.015	4898.81	18
39.06	10.323	0.083	4909.81	18
39.08	10.362	0.038	4916.21	18
39.1	10.448	0.087	4931.5	18
39.12	10.512	0.064	4945.5	18
39.14	10.556	0.044	4952.49	18
39.16	10.652	0.095	4963.79	18
39.18	10.727	0.075	4972.49	18
39.2	10.779	0.052	4978.58	18
39.22	10.876	0.097	4989.38	18
39.24	10.871	-0.005	5002.38	18
39.26	10.856	-0.015	5019.67	18
39.28	10.913	0.057	5032.17	18
39.3	10.955	0.041	5040.57	18
39.32	11.007	0.053	5050.56	18
39.34	11.049	0.042	5058.06	18
39.36	11.081	0.032	5063.45	18
39.38	11.136	0.055	5074.55	18
39.4	11.201	0.065	5081.45	18
39.42	11.232	0.032	5086.95	18
39.44	11.267	0.035	5094.55	18
39.46	11.292	0.025	5118.43	18
39.48	11.352	0.06	5131.83	18
39.5	11.368	0.016	5139.92	18
39.52	11.422	0.054	5151.62	18
39.54	11.431	0.009	5157.52	18
39.56	11.431	0.001	5160.52	18
39.58	11.487	0.056	5173.91	18
39.6	11.512	0.025	5181.41	18
39.62	11.533	0.021	5189.31	18
39.64	11.568	0.036	5198.4	18
39.66	11.583	0.014	5203.2	18
39.68	11.606	0.023	5209.1	18
39.7	11.624	0.018	5220	18
39.72	11.639	0.015	5225.79	18
39.74	11.653	0.014	5231.19	18
39.76	11.662	0.009	5233.99	18
39.78	11.696	0.034	5242.39	18
39.8	11.715	0.019	5250.79	18
39.82	11.713	-0.002	5254.99	18
39.84	11.739	0.026	5261.38	18
39.86	11.772	0.034	5267.58	18
39.88	11.766	-0.007	5270.78	18
39.9	11.808	0.042	5277.57	18
39.92	11.82	0.013	5284.17	18
39.94	11.831	0.01	5289.47	18
39.96	11.837	0.006	5293.77	18
39.98	11.859	0.022	5298.87	18
40	11.874	0.015	5305.27	18
