0.0000	6.094	0.000	0.00	18.0						
0.0200	6.754	0.000	2.19	18.0						
0.0400	7.098	0.004	4.39	18.0						
0.0600	7.991	0.893	57.38	18.0						
0.0800	8.126	0.134	84.67	18.0						
0.1000	8.170	0.045	98.37	18.0						
0.1200	8.192	0.022	105.27	18.0						
0.1400	8.204	0.012	108.76	18.0						
0.1600	8.210	0.007	110.97	18.0						
0.1800	8.217	0.007	113.16	18.0						
0.2000	8.229	0.011	115.46	18.0						
0.2200	8.248	0.020	120.16	18.0						
0.2400	8.301	0.052	129.56	18.0						
0.2600	8.337	0.036	135.45	18.0						
0.2800	8.352	0.016	138.45	18.0						
0.3000	8.369	0.017	142.55	18.0						
0.3200	8.380	0.010	144.95	18.0						
0.3400	8.389	0.009	147.15	18.0						
0.3600	8.397	0.008	149.35	18.0						
0.3800	8.409	0.012	151.75	18.0						
0.4000	8.420	0.011	154.34	18.0						
0.4200	8.429	0.009	156.55	18.0						
0.4400	8.438	0.008	158.74	18.0						
0.4600	8.446	0.008	160.94	18.0						
0.4800	8.458	0.011	163.54	18.0						
0.5000	8.464	0.006	165.74	18.0						
0.5200	8.471	0.007	167.94	18.0						
0.5400	8.477	0.006	170.14	18.0						
0.5600	8.484	0.007	172.34	18.0						
0.5800	8.492	0.008	174.54	18.0						
0.6000	8.498	0.007	177.94	18.0						
0.6200	8.502	0.003	180.14	18.0						
0.6400	8.506	0.005	182.34	18.0						
0.6600	8.510	0.004	184.53	18.0						
0.6800	8.514	0.004	186.73	18.0						
0.7000	8.517	0.003	188.94	18.0						
0.7200	8.519	0.003	191.13	18.0						
0.7400	8.522	0.003	193.33	18.0						
0.7600	8.523	0.001	195.54	18.0						
0.7800	8.527	0.004	197.73	18.0						
0.8000	8.530	0.003	199.93	18.0						
0.8200	8.529	-0.001	202.13	18.0						
0.8400	8.531	0.002	204.33	18.0						
0.8600	8.532	0.001	206.53	18.0						
0.8800	8.533	0.001	208.73	18.0						
0.9000	8.534	0.001	210.93	18.0						
0.9200	8.533	-0.001	213.13	18.0						
0.9400	8.531	-0.002	215.33	18.0						
0.9600	8.531	-0.001	217.52	18.0						
0.9800	8.532	0.001	219.72	18.0						
1.0000	8.530	-0.002	221.93	18.0						
1.0200	8.529	-0.002	224.12	18.0						
1.0400	8.526	-0.003	226.33	18.0						
1.0600	8.525	0.000	228.53	18.0						
1.0800	8.524	-0.001	230.83	18.0						
1.1000	8.520	-0.004	233.03	18.0						
1.1200	8.516	-0.004	235.23	18.0						
1.1400	8.515	-0.001	237.42	18.0						
1.1600	8.512	-0.003	239.63	18.0						
1.1800	8.511	-0.001	241.82	18.0						
1.2000	8.508	-0.004	244.02	18.0						
1.2200	8.506	-0.001	246.23	18.0						
1.2400	8.504	-0.002	248.41	18.0						
1.2600	8.501	-0.003	250.61	18.0						
1.2800	8.500	-0.002	252.82	18.0						
1.3000	8.496	-0.003	255.01	18.0						
1.3200	8.495	-0.001	257.21	18.0						
1.3400	8.494	-0.001	259.42	18.0						
1.3600	8.492	-0.002	261.61	18.0						
1.3800	8.491	-0.001	263.81	18.0						
1.4000	8.491	0.000	266.01	18.0						
1.4200	8.488	-0.002	268.21	18.0						
1.4400	8.487	-0.001	270.41	18.0						
1.4600	8.486	-0.001	272.61	18.0						
1.4800	8.487	0.001	274.81	18.0						
1.5000	8.482	-0.005	277.00	18.0						
1.5200	8.481	-0.001	279.21	18.0						
1.5400	8.481	0.000	281.40	18.0						
1.5600	8.480	-0.001	283.60	18.0						
1.5800	8.479	-0.001	285.81	18.0						
1.6000	8.477	-0.002	288.00	18.0						
1.6200	8.477	0.000	290.20	18.0						
1.6400	8.476	-0.001	292.40	18.0						
1.6600	8.476	0.000	294.60	18.0						
1.6800	8.475	-0.001	296.80	18.0						
1.7000	8.475	0.000	299.00	18.0						
1.7200	8.475	0.000	301.20	18.0						
1.7400	8.474	-0.001	303.40	18.0						
1.7600	8.474	0.000	305.60	18.0						
1.7800	8.474	0.000	307.79	18.0						
1.8000	8.473	-0.001	309.99	18.0						
1.8200	8.473	0.000	312.29	18.0						
1.8400	8.472	-0.001	314.49	18.0						
1.8600	8.471	-0.001	316.70	18.0						
1.8800	8.471	0.000	318.89	18.0						
1.9000	8.472	0.000	321.09	18.0						
1.9200	8.471	-0.001	323.29	18.0						
1.9400	8.471	0.000	325.49	18.0						
1.9600	8.471	0.000	327.69	18.0						
1.9800	8.469	-0.002	329.89	18.0						
2.0000	8.470	0.001	332.09	18.0						
2.0200	8.469	-0.001	334.29	18.0						
2.0400	8.470	0.001	336.49	18.0						
2.0600	8.470	-0.001	338.68	18.0						
2.0800	8.469	-0.001	340.88	18.0						
2.1000	8.469	0.000	343.09	18.0						
2.1200	8.469	0.000	345.28	18.0						
2.1400	8.470	0.001	347.48	18.0						
2.1600	8.469	-0.001	349.69	18.0						
2.1800	8.469	0.000	351.88	18.0						
2.2000	8.469	-0.001	354.08	18.0						
2.2200	8.468	-0.001	356.28	18.0						
2.2400	8.468	-0.001	358.48	18.0						
2.2600	8.468	0.001	360.68	18.0						
2.2800	8.468	-0.001	362.88	18.0						
2.3000	8.468	0.001	365.08	18.0						
2.3200	8.468	0.000	367.28	18.0						
2.3400	8.468	0.000	369.48	18.0						
2.3600	8.468	0.000	371.67	18.0						
2.3800	8.468	0.000	373.98	18.0						
2.4000	8.468	0.000	376.17	18.0						
2.4200	8.468	0.000	378.37	18.0						
2.4400	8.467	-0.001	380.57	18.0						
2.4600	8.467	0.000	382.77	18.0						
2.4800	8.468	0.001	384.97	18.0						
2.5000	8.468	0.000	387.17	18.0						
2.5200	8.467	-0.001	389.37	18.0						
2.5400	8.466	0.000	391.57	18.0						
2.5600	8.467	0.001	393.77	18.0						
2.5800	8.466	-0.001	395.97	18.0						
2.6000	8.467	0.001	398.16	18.0						
2.6200	8.467	0.000	400.37	18.0						
2.6400	8.467	0.000	402.56	18.0						
2.6600	8.467	0.000	404.76	18.0						
2.6800	8.467	0.000	406.97	18.0						
2.7000	8.468	0.001	409.17	18.0						
2.7200	8.468	0.000	411.37	18.0						
2.7400	8.468	0.000	413.57	18.0						
2.7600	8.468	0.000	415.76	18.0						
2.7800	8.467	-0.002	417.96	18.0						
2.8000	8.468	0.001	420.17	18.0						
2.8200	8.468	0.000	422.36	18.0						
2.8400	8.468	0.000	424.56	18.0						
2.8600	8.468	0.001	426.77	18.0						
2.8800	8.469	0.000	429.05	18.0						
2.9000	8.468	-0.001	431.27	18.0						
2.9200	8.469	0.001	433.45	18.0						
2.9400	8.469	0.000	435.65	18.0						
2.9600	8.469	0.000	437.95	18.0						
2.9800	8.468	0.000	440.15	18.0						
3.0000	8.469	0.000	442.35	18.0						
3.0200	8.469	0.000	444.55	18.0						
3.0400	8.470	0.001	446.75	18.0						
3.0600	8.470	0.000	448.95	18.0						
3.0800	8.470	0.000	451.15	18.0						
3.1000	8.470	0.000	453.35	18.0						
3.1200	8.470	0.000	455.55	18.0						
3.1400	8.470	0.000	457.75	18.0						
3.1600	8.471	0.001	459.94	18.0						
3.1800	8.470	-0.001	462.15	18.0						
3.2000	8.471	0.001	464.34	18.0						
3.2200	8.473	0.001	466.54	18.0						
3.2400	8.472	0.000	468.75	18.0						
3.2600	8.472	-0.001	470.94	18.0						
3.2800	8.472	0.000	473.14	18.0						
3.3000	8.473	0.001	475.44	18.0						
3.3200	8.473	0.000	477.64	18.0						
3.3400	8.472	-0.001	479.94	18.0						
3.3600	8.474	0.001	482.14	18.0						
3.3800	8.472	-0.001	484.34	18.0						
3.4000	8.473	0.001	486.54	18.0						
3.4200	8.473	0.000	488.74	18.0						
3.4400	8.472	0.000	490.94	18.0						
3.4600	8.474	0.001	493.13	18.0						
3.4800	8.474	0.001	495.33	18.0						
3.5000	8.474	0.000	497.54	18.0						
3.5200	8.475	0.001	499.73	18.0						
3.5400	8.473	-0.001	501.93	18.0						
3.5600	8.474	0.001	504.14	18.0						
3.5800	8.476	0.001	506.33	18.0						
3.6000	8.475	0.000	508.53	18.0						
3.6200	8.475	0.000	510.73	18.0						
3.6400	8.477	0.001	512.93	18.0						
3.6600	8.475	-0.001	515.13	18.0						
3.6800	8.475	0.000	517.43	18.0						
3.7000	8.477	0.001	519.63	18.0						
3.7200	8.477	0.000	521.83	18.0						
3.7400	8.476	0.000	524.02	18.0						
3.7600	8.476	0.000	526.22	18.0						
3.7800	8.477	0.000	528.43	18.0						
3.8000	8.478	0.002	530.62	18.0						
3.8200	8.479	0.000	532.82	18.0						
3.8400	8.477	-0.001	535.32	18.0						
3.8600	8.477	0.000	537.52	18.0						
3.8800	8.478	0.000	539.72	18.0						
3.9000	8.479	0.001	541.92	18.0						
3.9200	8.479	0.000	544.12	18.0						
3.9400	8.479	0.001	546.32	18.0						
3.9600	8.479	0.000	548.52	18.0						
3.9800	8.480	0.001	550.71	18.0						
4.0000	8.480	0.000	552.91	18.0						
4.0200	8.481	0.000	555.12	18.0						
4.0400	8.481	0.000	557.31	18.0						
4.0600	8.482	0.001	559.51	18.0						
4.0800	8.481	-0.001	561.72	18.0						
4.1000	8.480	-0.001	564.01	18.0						
4.1200	8.482	0.002	566.21	18.0						
4.1400	8.482	0.000	568.41	18.0						
4.1600	8.482	0.000	570.61	18.0						
4.1800	8.482	0.000	572.81	18.0						
4.2000	8.482	0.000	575.11	18.0						
4.2200	8.483	0.001	577.31	18.0						
4.2400	8.484	0.001	579.51	18.0						
4.2600	8.485	0.001	581.70	18.0						
4.2800	8.484	-0.001	583.91	18.0						
4.3000	8.485	0.000	586.10	18.0						
4.3200	8.484	-0.001	588.30	18.0						
4.3400	8.484	0.000	590.51	18.0						
4.3600	8.486	0.001	592.80	18.0						
4.3800	8.485	-0.001	595.01	18.0						
4.4000	8.485	0.001	597.20	18.0						
4.4200	8.486	0.001	599.40	18.0						
4.4400	8.487	0.000	601.60	18.0						
4.4600	8.487	0.001	603.80	18.0						
4.4800	8.487	-0.001	606.10	18.0						
4.5000	8.487	0.000	608.30	18.0						
4.5200	8.486	0.000	610.60	18.0						
4.5400	8.488	0.001	612.80	18.0						
4.5600	8.489	0.001	614.99	18.0						
4.5800	8.488	-0.001	617.20	18.0						
4.6000	8.488	0.000	619.39	18.0						
4.6200	8.490	0.002	621.60	18.0						
4.6400	8.490	0.000	623.80	18.0						
4.6600	8.490	0.000	626.00	18.0						
4.6800	8.490	0.000	628.19	18.0						
4.7000	8.490	0.001	630.40	18.0						
4.7200	8.490	-0.001	632.59	18.0						
4.7400	8.491	0.001	634.79	18.0						
4.7600	8.491	0.000	637.00	18.0						
4.7800	8.491	0.000	639.19	18.0						
4.8000	8.492	0.001	641.38	18.0						
4.8200	8.492	0.000	643.60	18.0						
4.8400	8.492	0.001	646.08	18.0						
4.8600	8.493	0.000	648.28	18.0						
4.8800	8.493	0.000	650.49	18.0						
4.9000	8.493	0.000	652.68	18.0						
4.9200	8.494	0.000	654.88	18.0						
4.9400	8.493	-0.001	657.08	18.0						
4.9600	8.494	0.001	659.28	18.0						
4.9800	8.494	0.000	661.48	18.0						
5.0000	8.493	0.000	663.68	18.0						
5.0200	8.495	0.001	665.88	18.0						
5.0400	8.496	0.001	668.08	18.0						
5.0600	8.495	-0.001	670.28	18.0						
5.0800	8.496	0.001	672.47	18.0						
5.1000	8.496	-0.001	674.67	18.0						
5.1200	8.496	0.000	676.88	18.0						
5.1400	8.496	0.001	679.17	18.0						
5.1600	8.497	0.001	681.38	18.0						
5.1800	8.498	0.000	683.57	18.0						
5.2000	8.498	0.000	685.87	18.0						
5.2200	8.498	0.001	688.07	18.0						
5.2400	8.497	-0.001	690.27	18.0						
5.2600	8.499	0.002	692.57	18.0						
5.2800	8.498	-0.001	694.77	18.0						
5.3000	8.499	0.000	696.97	18.0						
5.3200	8.499	0.000	699.17	18.0						
5.3400	8.500	0.001	701.36	18.0						
5.3600	8.500	0.000	703.57	18.0						
5.3800	8.501	0.000	705.76	18.0						
5.4000	8.500	0.000	707.96	18.0						
5.4200	8.500	-0.001	710.17	18.0						
5.4400	8.502	0.003	712.36	18.0						
5.4600	8.500	-0.002	714.56	18.0						
5.4800	8.501	0.001	716.76	18.0						
5.5000	8.501	0.000	718.96	18.0						
5.5200	8.503	0.001	721.16	18.0						
5.5400	8.502	-0.001	723.36	18.0						
5.5600	8.503	0.001	725.56	18.0						
5.5800	8.503	0.000	727.76	18.0						
5.6000	8.503	0.000	729.96	18.0						
5.6200	8.504	0.001	732.15	18.0						
5.6400	8.504	0.000	734.35	18.0						
5.6600	8.504	0.000	736.56	18.0						
5.6800	8.505	0.002	738.75	18.0						
5.7000	8.506	0.000	740.95	18.0						
5.7200	8.506	0.000	743.16	18.0						
5.7400	8.506	0.000	745.35	18.0						
5.7600	8.507	0.001	747.55	18.0						
5.7800	8.507	0.000	749.75	18.0						
5.8000	8.506	-0.001	751.95	18.0						
5.8200	8.506	0.000	754.15	18.0						
5.8400	8.508	0.002	756.35	18.0						
5.8600	8.508	0.000	758.65	18.0						
5.8800	8.508	0.000	760.85	18.0						
5.9000	8.509	0.001	763.04	18.0						
5.9200	8.510	0.001	765.24	18.0						
5.9400	8.508	-0.002	767.45	18.0						
5.9600	8.510	0.002	769.64	18.0						
5.9800	8.509	-0.001	771.84	18.0						
6.0000	8.509	0.000	774.05	18.0						
6.0200	8.511	0.002	776.24	18.0						
6.0400	8.510	-0.001	778.44	18.0						
6.0600	8.512	0.003	780.64	18.0						
6.0800	8.512	-0.001	782.84	18.0						
6.1000	8.513	0.001	785.04	18.0						
6.1200	8.512	0.000	787.24	18.0						
6.1400	8.511	-0.001	789.54	18.0						
6.1600	8.512	0.000	791.74	18.0						
6.1800	8.513	0.001	793.93	18.0						
6.2000	8.512	-0.001	796.13	18.0						
6.2200	8.515	0.002	798.34	18.0						
6.2400	8.513	-0.002	800.53	18.0						
6.2600	8.513	0.000	802.74	18.0						
6.2800	8.514	0.001	804.94	18.0						
6.3000	8.514	0.000	807.14	18.0						
6.3200	8.514	0.000	809.34	18.0						
6.3400	8.516	0.002	811.54	18.0						
6.3600	8.515	0.000	813.73	18.0						
6.3800	8.516	0.000	815.93	18.0						
6.4000	8.516	0.000	818.14	18.0						
6.4200	8.516	0.000	820.32	18.0						
6.4400	8.516	0.000	822.52	18.0						
6.4600	8.518	0.002	824.74	18.0						
6.4800	8.518	0.000	826.92	18.0						
6.5000	8.517	-0.001	829.12	18.0						
6.5200	8.518	0.001	831.33	18.0						
6.5400	8.518	0.000	833.52	18.0						
6.5600	8.518	0.000	835.72	18.0						
6.5800	8.520	0.002	837.92	18.0						
6.6000	8.518	-0.002	840.12	18.0						
6.6200	8.519	0.001	842.32	18.0						
6.6400	8.520	0.000	844.52	18.0						
6.6600	8.521	0.002	846.72	18.0						
6.6800	8.522	0.001	849.02	18.0						
6.7000	8.521	-0.001	851.22	18.0						
6.7200	8.521	0.000	853.41	18.0						
6.7400	8.522	0.000	855.62	18.0						
6.7600	8.523	0.002	857.91	18.0						
6.7800	8.524	0.000	860.12	18.0						
6.8000	8.523	-0.001	862.31	18.0						
6.8200	8.523	0.001	864.51	18.0						
6.8400	8.523	0.000	866.71	18.0						
6.8600	8.525	0.002	868.91	18.0						
6.8800	8.523	-0.002	871.11	18.0						
6.9000	8.524	0.001	873.41	18.0						
6.9200	8.525	0.001	875.61	18.0						
6.9400	8.525	0.000	877.81	18.0						
6.9600	8.524	-0.001	880.00	18.0						
6.9800	8.525	0.001	882.20	18.0						
7.0000	8.527	0.002	884.41	18.0						
7.0200	8.527	0.000	886.60	18.0						
7.0400	8.526	-0.001	888.80	18.0						
7.0600	8.527	0.001	891.01	18.0						
7.0800	8.528	0.000	893.20	18.0						
7.1000	8.527	0.000	895.40	18.0						
7.1200	8.528	0.001	897.60	18.0						
7.1400	8.529	0.001	899.80	18.0						
7.1600	8.528	-0.001	902.00	18.0						
7.1800	8.528	0.000	904.20	18.0						
7.2000	8.530	0.002	906.40	18.0						
7.2200	8.530	0.000	908.60	18.0						
7.2400	8.531	0.001	910.80	18.0						
7.2600	8.531	0.000	912.99	18.0						
7.2800	8.529	-0.001	915.19	18.0						
7.3000	8.531	0.001	917.40	18.0						
7.3200	8.531	0.000	919.59	18.0						
7.3400	8.532	0.001	921.79	18.0						
7.3600	8.532	0.000	923.99	18.0						
7.3800	8.532	0.000	926.19	18.0						
7.4000	8.532	0.000	928.39	18.0						
7.4200	8.531	-0.001	930.69	18.0						
7.4400	8.534	0.002	932.89	18.0						
7.4600	8.533	0.000	935.09	18.0						
7.4800	8.533	0.000	937.29	18.0						
7.5000	8.535	0.001	939.49	18.0						
7.5200	8.534	0.000	941.69	18.0						
7.5400	8.534	-0.001	943.88	18.0						
7.5600	8.534	0.000	946.08	18.0						
7.5800	8.535	0.001	948.29	18.0						
7.6000	8.535	0.000	950.48	18.0						
7.6200	8.536	0.001	952.68	18.0						
7.6400	8.536	0.001	954.88	18.0						
7.6600	8.536	0.000	957.08	18.0						
7.6800	8.536	0.000	959.28	18.0						
7.7000	8.538	0.002	961.58	18.0						
7.7200	8.538	0.001	963.78	18.0						
7.7400	8.538	0.000	965.98	18.0						
7.7600	8.538	-0.001	968.18	18.0						
7.7800	8.538	0.001	970.37	18.0						
7.8000	8.539	0.000	972.58	18.0						
7.8200	8.538	-0.001	974.77	18.0						
7.8400	8.540	0.002	976.97	18.0						
7.8600	8.541	0.001	979.18	18.0						
7.8800	8.541	0.000	981.37	18.0						
7.9000	8.541	0.000	983.57	18.0						
7.9200	8.541	0.000	985.77	18.0						
7.9400	8.541	0.000	987.97	18.0						
7.9600	8.541	0.000	990.17	18.0						
7.9800	8.542	0.001	992.37	18.0						
8.0000	8.542	0.000	994.57	18.0						
8.0200	8.541	-0.001	996.77	18.0						
8.0400	8.542	0.001	998.97	18.0						
8.0600	8.543	0.001	1001.16	18.0						
8.0800	8.543	0.000	1003.36	18.0						
8.1000	8.543	0.000	1005.57	18.0						
8.1200	8.544	0.000	1007.76	18.0						
8.1400	8.543	-0.001	1009.96	18.0						
8.1600	8.544	0.001	1012.17	18.0						
8.1800	8.545	0.001	1014.37	18.0						
8.2000	8.545	0.000	1016.57	18.0						
8.2200	8.545	0.000	1018.77	18.0						
8.2400	8.546	0.001	1021.06	18.0						
8.2600	8.546	0.000	1023.27	18.0						
8.2800	8.546	0.000	1025.46	18.0						
8.3000	8.546	0.000	1027.66	18.0						
8.3200	8.547	0.001	1029.86	18.0						
8.3400	8.547	0.000	1032.26	18.0						
8.3600	8.547	0.000	1034.45	18.0						
8.3800	8.547	0.000	1036.65	18.0						
8.4000	8.548	0.001	1038.86	18.0						
8.4200	8.549	0.001	1041.05	18.0						
8.4400	8.549	0.000	1043.25	18.0						
8.4600	8.549	0.001	1045.45	18.0						
8.4800	8.550	0.000	1047.65	18.0						
8.5000	8.550	0.000	1049.85	18.0						
8.5200	8.550	0.000	1052.05	18.0						
8.5400	8.550	0.001	1054.25	18.0						
8.5600	8.551	0.001	1056.45	18.0						
8.5800	8.552	0.000	1058.65	18.0						
8.6000	8.551	-0.001	1060.94	18.0						
8.6200	8.553	0.002	1063.15	18.0						
8.6400	8.552	-0.001	1065.34	18.0						
8.6600	8.552	0.000	1067.54	18.0						
8.6800	8.553	0.001	1069.75	18.0						
8.7000	8.554	0.000	1071.94	18.0						
8.7200	8.554	0.000	1074.14	18.0						
8.7400	8.555	0.001	1076.34	18.0						
8.7600	8.555	0.000	1078.54	18.0						
8.7800	8.555	0.000	1080.74	18.0						
8.8000	8.555	0.000	1082.94	18.0						
8.8200	8.556	0.001	1085.14	18.0						
8.8400	8.556	0.000	1087.34	18.0						
8.8600	8.557	0.001	1089.54	18.0						
8.8800	8.556	0.000	1091.73	18.0						
8.9000	8.557	0.000	1093.93	18.0						
8.9200	8.557	0.000	1096.14	18.0						
8.9400	8.557	0.000	1098.33	18.0						
8.9600	8.559	0.002	1100.53	18.0						
8.9800	8.558	-0.001	1102.73	18.0						
9.0000	8.559	0.001	1104.93	18.0						
9.0200	8.558	0.000	1107.13	18.0						
9.0400	8.559	0.000	1109.33	18.0						
9.0600	8.559	0.000	1111.53	18.0						
9.0800	8.559	0.000	1113.73	18.0						
9.1000	8.559	0.000	1115.93	18.0						
9.1200	8.561	0.002	1118.13	18.0						
9.1400	8.561	0.000	1120.32	18.0						
9.1600	8.561	0.000	1122.53	18.0						
9.1800	8.562	0.001	1124.72	18.0						
9.2000	8.562	0.000	1126.92	18.0						
9.2200	8.563	0.001	1129.13	18.0						
9.2400	8.563	0.000	1131.32	18.0						
9.2600	8.563	0.000	1133.52	18.0						
9.2800	8.565	0.002	1135.72	18.0						
9.3000	8.564	-0.001	1137.92	18.0						
9.3200	8.563	-0.001	1140.12	18.0						
9.3400	8.564	0.001	1142.32	18.0						
9.3600	8.564	0.000	1144.52	18.0						
9.3800	8.564	0.000	1146.72	18.0						
9.4000	8.565	0.000	1148.92	18.0						
9.4200	8.564	0.000	1151.11	18.0						
9.4400	8.565	0.001	1153.31	18.0						
9.4600	8.566	0.001	1155.52	18.0						
9.4800	8.566	0.000	1157.71	18.0						
9.5000	8.566	-0.001	1159.91	18.0						
9.5200	8.568	0.002	1162.11	18.0						
9.5400	8.567	-0.001	1164.31	18.0						
9.5600	8.567	0.001	1166.51	18.0						
9.5800	8.568	0.000	1168.71	18.0						
9.6000	8.569	0.001	1170.91	18.0						
9.6200	8.568	0.000	1173.11	18.0						
9.6400	8.569	0.001	1175.31	18.0						
9.6600	8.568	-0.001	1177.51	18.0						
9.6800	8.569	0.001	1179.70	18.0						
9.7000	8.570	0.000	1181.91	18.0						
9.7200	8.570	0.000	1184.10	18.0						
9.7400	8.571	0.001	1186.30	18.0						
9.7600	8.571	0.000	1188.51	18.0						
9.7800	8.571	0.000	1190.71	18.0						
9.8000	8.571	0.000	1192.91	18.0						
9.8200	8.572	0.001	1195.11	18.0						
9.8400	8.571	0.000	1197.31	18.0						
9.8600	8.573	0.001	1199.50	18.0						
9.8800	8.573	0.000	1201.80	18.0						
9.9000	8.574	0.001	1204.00	18.0						
9.9200	8.573	-0.001	1206.21	18.0						
9.9400	8.574	0.001	1208.39	18.0						
9.9600	8.574	0.000	1210.59	18.0						
9.9800	8.574	0.000	1212.80	18.0						
10.0000	8.574	0.000	1214.99	18.0						
10.0200	8.574	0.000	1217.19	18.0						
10.0400	8.575	0.001	1219.49	18.0						
10.0600	8.576	0.001	1221.69	18.0						
10.0800	8.576	0.000	1223.89	18.0						
10.1000	8.576	0.000	1226.09	18.0						
10.1200	8.577	0.001	1228.29	18.0						
10.1400	8.577	0.000	1230.49	18.0						
10.1600	8.577	0.000	1232.69	18.0						
10.1800	8.577	0.000	1234.89	18.0						
10.2000	8.578	0.001	1237.09	18.0						
10.2200	8.578	0.000	1239.28	18.0						
10.2400	8.578	0.001	1241.48	18.0						
10.2600	8.579	0.000	1243.69	18.0						
10.2800	8.579	0.000	1245.88	18.0						
10.3000	8.580	0.001	1248.08	18.0						
10.3200	8.580	0.000	1250.29	18.0						
10.3400	8.580	0.000	1252.48	18.0						
10.3600	8.581	0.001	1254.68	18.0						
10.3800	8.581	0.000	1256.88	18.0						
10.4000	8.582	0.000	1259.08	18.0						
10.4200	8.582	0.000	1261.28	18.0						
10.4400	8.582	-0.001	1263.48	18.0						
10.4600	8.582	0.000	1265.68	18.0						
10.4800	8.583	0.001	1267.87	18.0						
10.5000	8.583	0.000	1270.08	18.0						
10.5200	8.584	0.001	1272.27	18.0						
10.5400	8.584	0.000	1274.47	18.0						
10.5600	8.584	0.000	1276.77	18.0						
10.5800	8.585	0.001	1278.97	18.0						
10.6000	8.584	-0.001	1281.18	18.0						
10.6200	8.585	0.001	1283.37	18.0						
10.6400	8.586	0.001	1285.57	18.0						
10.6600	8.586	0.000	1287.77	18.0						
10.6800	8.586	0.000	1289.97	18.0						
10.7000	8.586	0.000	1292.17	18.0						
10.7200	8.586	0.001	1294.37	18.0						
10.7400	8.588	0.002	1296.56	18.0						
10.7600	8.587	-0.001	1298.76	18.0						
10.7800	8.588	0.000	1300.97	18.0						
10.8000	8.588	0.000	1303.16	18.0						
10.8200	8.588	0.000	1305.36	18.0						
10.8400	8.588	0.001	1307.57	18.0						
10.8600	8.590	0.002	1309.76	18.0						
10.8800	8.589	-0.001	1311.96	18.0						
10.9000	8.590	0.001	1314.16	18.0						
10.9200	8.590	0.000	1316.36	18.0						
10.9400	8.591	0.000	1318.56	18.0						
10.9600	8.591	0.000	1320.76	18.0						
10.9800	8.591	0.000	1322.96	18.0						
11.0000	8.591	0.000	1325.16	18.0						
11.0200	8.592	0.001	1327.36	18.0						
11.0400	8.593	0.000	1329.55	18.0						
11.0600	8.593	0.000	1331.75	18.0						
11.0800	8.593	0.000	1333.96	18.0						
11.1000	8.593	0.000	1336.15	18.0						
11.1200	8.593	0.000	1338.35	18.0						
11.1400	8.594	0.000	1340.55	18.0						
11.1600	8.595	0.001	1342.75	18.0						
11.1800	8.595	0.000	1344.95	18.0						
11.2000	8.594	-0.001	1347.15	18.0						
11.2200	8.595	0.001	1349.35	18.0						
11.2400	8.595	0.000	1351.55	18.0						
11.2600	8.596	0.001	1353.75	18.0						
11.2800	8.596	0.001	1356.05	18.0						
11.3000	8.596	0.000	1358.25	18.0						
11.3200	8.598	0.001	1360.44	18.0						
11.3400	8.598	0.001	1362.64	18.0						
11.3600	8.598	-0.001	1364.85	18.0						
11.3800	8.598	0.000	1367.04	18.0						
11.4000	8.599	0.001	1369.24	18.0						
11.4200	8.599	0.000	1371.44	18.0						
11.4400	8.599	0.000	1373.64	18.0						
11.4600	8.600	0.001	1375.84	18.0						
11.4800	8.600	0.000	1378.04	18.0						
11.5000	8.600	0.001	1380.24	18.0						
11.5200	8.600	0.000	1382.44	18.0						
11.5400	8.600	0.000	1384.64	18.0						
11.5600	8.601	0.000	1386.83	18.0						
11.5800	8.602	0.001	1389.03	18.0						
11.6000	8.602	0.000	1391.24	18.0						
11.6200	8.602	0.001	1393.43	18.0						
11.6400	8.604	0.001	1395.63	18.0						
11.6600	8.603	0.000	1397.93	18.0						
11.6800	8.603	0.000	1400.13	18.0						
11.7000	8.604	0.001	1402.33	18.0						
11.7200	8.603	-0.001	1404.53	18.0						
11.7400	8.604	0.001	1406.83	18.0						
11.7600	8.604	-0.001	1409.03	18.0						
11.7800	8.605	0.001	1411.23	18.0						
11.8000	8.605	0.000	1413.53	18.0						
11.8200	8.605	0.000	1415.73	18.0						
11.8400	8.606	0.001	1417.93	18.0						
11.8600	8.606	0.000	1420.12	18.0						
11.8800	8.606	0.000	1422.32	18.0						
11.9000	8.606	0.000	1424.53	18.0						
11.9200	8.607	0.001	1426.73	18.0						
11.9400	8.608	0.001	1428.93	18.0						
11.9600	8.609	0.001	1431.13	18.0						
11.9800	8.609	0.000	1433.33	18.0						
12.0000	8.609	0.000	1435.52	18.0						
12.0200	8.608	0.000	1437.73	18.0						
12.0400	8.609	0.001	1439.92	18.0						
12.0600	8.609	0.000	1442.12	18.0						
12.0800	8.610	0.001	1444.33	18.0						
12.1000	8.609	0.000	1446.51	18.0						
12.1200	8.610	0.000	1448.71	18.0						
12.1400	8.610	0.001	1450.92	18.0						
12.1600	8.611	0.001	1453.11	18.0						
12.1800	8.612	0.001	1455.31	18.0						
12.2000	8.612	0.000	1457.52	18.0						
12.2200	8.612	0.000	1459.71	18.0						
12.2400	8.613	0.001	1461.91	18.0						
12.2600	8.613	0.000	1464.11	18.0						
12.2800	8.613	0.000	1466.31	18.0						
12.3000	8.613	0.000	1468.51	18.0						
12.3200	8.613	0.001	1470.71	18.0						
12.3400	8.614	0.000	1472.91	18.0						
12.3600	8.615	0.001	1475.10	18.0						
12.3800	8.615	0.000	1477.31	18.0						
12.4000	8.615	0.000	1479.50	18.0						
12.4200	8.615	0.000	1481.70	18.0						
12.4400	8.616	0.001	1483.91	18.0						
12.4600	8.617	0.000	1486.10	18.0						
12.4800	8.617	0.000	1488.30	18.0						
12.5000	8.617	0.000	1490.50	18.0						
12.5200	8.617	0.000	1492.70	18.0						
12.5400	8.617	0.001	1494.90	18.0						
12.5600	8.618	0.000	1497.10	18.0						
12.5800	8.619	0.001	1499.30	18.0						
12.6000	8.618	0.000	1501.50	18.0						
12.6200	8.619	0.001	1503.70	18.0						
12.6400	8.619	0.000	1505.89	18.0						
12.6600	8.620	0.001	1508.09	18.0						
12.6800	8.619	0.000	1510.30	18.0						
12.7000	8.620	0.000	1512.49	18.0						
12.7200	8.621	0.001	1514.69	18.0						
12.7400	8.621	0.000	1516.89	18.0						
12.7600	8.622	0.001	1519.09	18.0						
12.7800	8.622	0.000	1521.29	18.0						
12.8000	8.622	0.001	1523.49	18.0						
12.8200	8.622	0.000	1525.69	18.0						
12.8400	8.623	0.001	1527.89	18.0						
12.8600	8.623	0.000	1530.09	18.0						
12.8800	8.624	0.001	1532.29	18.0						
12.9000	8.624	0.000	1534.48	18.0						
12.9200	8.624	0.000	1536.69	18.0						
12.9400	8.624	0.001	1538.88	18.0						
12.9600	8.625	0.001	1541.08	18.0						
12.9800	8.625	0.000	1543.29	18.0						
13.0000	8.625	0.000	1545.48	18.0						
13.0200	8.626	0.001	1547.68	18.0						
13.0400	8.626	0.000	1549.88	18.0						
13.0600	8.627	0.001	1552.08	18.0						
13.0800	8.626	0.000	1554.28	18.0						
13.1000	8.627	0.000	1556.48	18.0						
13.1200	8.628	0.001	1558.68	18.0						
13.1400	8.628	0.000	1560.88	18.0						
13.1600	8.628	0.000	1563.08	18.0						
13.1800	8.629	0.001	1565.27	18.0						
13.2000	8.629	0.000	1567.47	18.0						
13.2200	8.629	0.000	1569.68	18.0						
13.2400	8.629	0.000	1571.87	18.0						
13.2600	8.630	0.001	1574.07	18.0						
13.2800	8.630	0.000	1576.28	18.0						
13.3000	8.630	0.000	1578.47	18.0						
13.3200	8.631	0.001	1580.67	18.0						
13.3400	8.631	0.000	1582.87	18.0						
13.3600	8.631	0.000	1585.07	18.0						
13.3800	8.632	0.001	1587.37	18.0						
13.4000	8.632	0.000	1589.57	18.0						
13.4200	8.633	0.001	1591.77	18.0						
13.4400	8.633	0.000	1593.97	18.0						
13.4600	8.634	0.001	1596.16	18.0						
13.4800	8.634	0.000	1598.36	18.0						
13.5000	8.635	0.001	1600.57	18.0						
13.5200	8.634	0.000	1602.76	18.0						
13.5400	8.635	0.001	1604.96	18.0						
13.5600	8.635	0.000	1607.16	18.0						
13.5800	8.636	0.001	1609.36	18.0						
13.6000	8.636	0.000	1611.56	18.0						
13.6200	8.637	0.001	1613.76	18.0						
13.6400	8.637	0.000	1615.96	18.0						
13.6600	8.637	0.000	1618.16	18.0						
13.6800	8.638	0.001	1620.36	18.0						
13.7000	8.638	0.000	1622.55	18.0						
13.7200	8.638	0.000	1624.75	18.0						
13.7400	8.639	0.000	1626.96	18.0						
13.7600	8.639	0.000	1629.15	18.0						
13.7800	8.640	0.001	1631.35	18.0						
13.8000	8.639	0.000	1633.56	18.0						
13.8200	8.641	0.001	1635.76	18.0						
13.8400	8.641	0.000	1637.95	18.0						
13.8600	8.641	0.001	1640.16	18.0						
13.8800	8.641	0.000	1642.35	18.0						
13.9000	8.642	0.001	1644.55	18.0						
13.9200	8.642	0.000	1646.76	18.0						
13.9400	8.642	0.000	1648.95	18.0						
13.9600	8.643	0.001	1651.14	18.0						
13.9800	8.643	0.000	1653.36	18.0						
14.0000	8.643	0.000	1655.54	18.0						
14.0200	8.644	0.000	1657.74	18.0						
14.0400	8.644	0.000	1659.95	18.0						
14.0600	8.644	0.000	1662.14	18.0						
14.0800	8.644	0.000	1664.45	18.0						
14.1000	8.645	0.001	1666.64	18.0						
14.1200	8.645	0.000	1668.84	18.0						
14.1400	8.646	0.001	1671.04	18.0						
14.1600	8.646	0.001	1673.24	18.0						
14.1800	8.646	0.000	1675.44	18.0						
14.2000	8.647	0.000	1677.64	18.0						
14.2200	8.647	0.000	1679.84	18.0						
14.2400	8.647	0.000	1682.03	18.0						
14.2600	8.648	0.000	1684.24	18.0						
14.2800	8.648	0.001	1686.43	18.0						
14.3000	8.648	0.000	1688.74	18.0						
14.3200	8.650	0.002	1690.93	18.0						
14.3400	8.649	-0.001	1693.13	18.0						
14.3600	8.650	0.000	1695.33	18.0						
14.3800	8.650	0.000	1697.53	18.0						
14.4000	8.650	0.000	1699.73	18.0						
14.4200	8.650	0.000	1701.93	18.0						
14.4400	8.651	0.001	1704.13	18.0						
14.4600	8.652	0.001	1706.33	18.0						
14.4800	8.652	0.000	1708.53	18.0						
14.5000	8.653	0.001	1710.72	18.0						
14.5200	8.653	0.000	1713.03	18.0						
14.5400	8.653	0.000	1715.22	18.0						
14.5600	8.654	0.001	1717.42	18.0						
14.5800	8.653	0.000	1719.72	18.0						
14.6000	8.654	0.001	1721.92	18.0						
14.6200	8.655	0.000	1724.13	18.0						
14.6400	8.655	0.000	1726.32	18.0						
14.6600	8.655	0.000	1728.52	18.0						
14.6800	8.655	0.000	1730.72	18.0						
14.7000	8.656	0.001	1732.92	18.0						
14.7200	8.656	0.001	1735.12	18.0						
14.7400	8.657	0.000	1737.32	18.0						
14.7600	8.657	0.000	1739.61	18.0						
14.7800	8.657	0.000	1742.01	18.0						
14.8000	8.658	0.000	1744.22	18.0						
14.8200	8.658	0.001	1746.41	18.0						
14.8400	8.658	0.000	1748.61	18.0						
14.8600	8.659	0.001	1750.82	18.0						
14.8800	8.659	0.000	1753.01	18.0						
14.9000	8.659	0.000	1755.21	18.0						
14.9200	8.660	0.000	1757.41	18.0						
14.9400	8.660	0.001	1759.61	18.0						
14.9600	8.661	0.000	1761.81	18.0						
14.9800	8.661	0.000	1764.01	18.0						
15.0000	8.661	0.000	1766.21	18.0						
15.0200	8.661	0.000	1768.41	18.0						
15.0400	8.662	0.001	1770.61	18.0						
15.0600	8.662	0.000	1772.80	18.0						
15.0800	8.663	0.001	1775.00	18.0						
15.1000	8.663	0.000	1777.21	18.0						
15.1200	8.663	0.000	1779.40	18.0						
15.1400	8.664	0.000	1781.60	18.0						
15.1600	8.664	0.000	1783.80	18.0						
15.1800	8.664	0.000	1786.00	18.0						
15.2000	8.665	0.001	1788.20	18.0						
15.2200	8.665	0.000	1790.40	18.0						
15.2400	8.666	0.000	1792.60	18.0						
15.2600	8.666	0.001	1794.80	18.0						
15.2800	8.667	0.000	1797.00	18.0						
15.3000	8.667	0.000	1799.19	18.0						
15.3200	8.668	0.000	1801.50	18.0						
15.3400	8.667	0.000	1803.70	18.0						
15.3600	8.668	0.000	1805.89	18.0						
15.3800	8.669	0.001	1808.10	18.0						
15.4000	8.669	0.000	1810.30	18.0						
15.4200	8.669	0.000	1812.50	18.0						
15.4400	8.669	0.000	1814.70	18.0						
15.4600	8.670	0.001	1816.90	18.0						
15.4800	8.670	0.001	1819.09	18.0						
15.5000	8.671	0.000	1821.30	18.0						
15.5200	8.671	0.000	1823.49	18.0						
15.5400	8.671	0.001	1825.69	18.0						
15.5600	8.672	0.000	1827.90	18.0						
15.5800	8.672	0.001	1830.08	18.0						
15.6000	8.673	0.000	1832.28	18.0						
15.6200	8.673	0.000	1834.49	18.0						
15.6400	8.674	0.001	1836.68	18.0						
15.6600	8.674	0.000	1838.88	18.0						
15.6800	8.674	0.000	1841.09	18.0						
15.7000	8.674	0.000	1843.28	18.0						
15.7200	8.675	0.001	1845.48	18.0						
15.7400	8.675	0.000	1847.68	18.0						
15.7600	8.675	0.000	1849.88	18.0						
15.7800	8.676	0.001	1852.08	18.0						
15.8000	8.677	0.001	1854.28	18.0						
15.8200	8.677	0.000	1856.47	18.0						
15.8400	8.677	0.001	1858.67	18.0						
15.8600	8.677	0.000	1860.88	18.0						
15.8800	8.678	0.000	1863.07	18.0						
15.9000	8.678	0.000	1865.38	18.0						
15.9200	8.678	0.000	1867.57	18.0						
15.9400	8.679	0.000	1869.77	18.0						
15.9600	8.679	0.000	1871.97	18.0						
15.9800	8.679	0.000	1874.17	18.0						
16.0000	8.680	0.000	1876.37	18.0						
16.0200	8.680	0.000	1878.57	18.0						
16.0400	8.681	0.001	1880.77	18.0						
16.0600	8.681	0.001	1882.97	18.0						
16.0800	8.681	0.000	1885.17	18.0						
16.1000	8.682	0.000	1887.36	18.0						
16.1200	8.682	0.000	1889.56	18.0						
16.1400	8.682	0.000	1891.77	18.0						
16.1600	8.683	0.001	1893.96	18.0						
16.1800	8.683	0.000	1896.16	18.0						
16.2000	8.684	0.001	1898.37	18.0						
16.2200	8.684	0.001	1900.66	18.0						
16.2400	8.684	0.000	1902.87	18.0						
16.2600	8.685	0.001	1905.16	18.0						
16.2800	8.685	0.000	1907.36	18.0						
16.3000	8.686	0.001	1909.56	18.0						
16.3200	8.685	-0.001	1911.76	18.0						
16.3400	8.685	0.000	1913.96	18.0						
16.3600	8.686	0.001	1916.15	18.0						
16.3800	8.687	0.000	1918.35	18.0						
16.4000	8.687	0.000	1920.56	18.0						
16.4200	8.687	0.000	1922.75	18.0						
16.4400	8.687	0.000	1924.95	18.0						
16.4600	8.688	0.001	1927.16	18.0						
16.4800	8.688	0.000	1929.35	18.0						
16.5000	8.689	0.001	1931.55	18.0						
16.5200	8.689	0.000	1933.75	18.0						
16.5400	8.690	0.001	1935.95	18.0						
16.5600	8.689	0.000	1938.15	18.0						
16.5800	8.690	0.001	1940.35	18.0						
16.6000	8.691	0.001	1942.55	18.0						
16.6200	8.691	0.000	1944.74	18.0						
16.6400	8.691	0.000	1946.95	18.0						
16.6600	8.692	0.001	1949.14	18.0						
16.6800	8.692	0.000	1951.34	18.0						
16.7000	8.693	0.001	1953.55	18.0						
16.7200	8.693	0.000	1955.84	18.0						
16.7400	8.693	0.000	1958.05	18.0						
16.7600	8.694	0.001	1960.24	18.0						
16.7800	8.694	0.000	1962.44	18.0						
16.8000	8.694	0.000	1964.64	18.0						
16.8200	8.695	0.001	1966.84	18.0						
16.8400	8.695	0.000	1969.04	18.0						
16.8600	8.695	0.000	1971.24	18.0						
16.8800	8.696	0.001	1973.44	18.0						
16.9000	8.696	0.000	1975.63	18.0						
16.9200	8.697	0.000	1977.84	18.0						
16.9400	8.697	0.000	1980.03	18.0						
16.9600	8.698	0.001	1982.23	18.0						
16.9800	8.698	0.000	1984.44	18.0						
17.0000	8.698	0.000	1986.64	18.0						
17.0200	8.699	0.000	1988.84	18.0						
17.0400	8.699	0.000	1991.04	18.0						
17.0600	8.700	0.001	1993.23	18.0						
17.0800	8.700	0.000	1995.43	18.0						
17.1000	8.700	0.000	1997.64	18.0						
17.1200	8.701	0.001	1999.83	18.0						
17.1400	8.701	0.000	2002.14	18.0						
17.1600	8.701	0.001	2004.42	18.0						
17.1800	8.702	0.000	2006.64	18.0						
17.2000	8.702	0.000	2008.82	18.0						
17.2200	8.702	0.000	2011.02	18.0						
17.2400	8.703	0.001	2013.23	18.0						
17.2600	8.703	0.000	2015.42	18.0						
17.2800	8.703	0.000	2017.62	18.0						
17.3000	8.704	0.000	2019.82	18.0						
17.3200	8.704	0.001	2022.02	18.0						
17.3400	8.704	0.000	2024.22	18.0						
17.3600	8.705	0.001	2026.42	18.0						
17.3800	8.706	0.001	2028.62	18.0						
17.4000	8.706	0.000	2030.82	18.0						
17.4200	8.706	0.000	2033.02	18.0						
17.4400	8.707	0.001	2035.21	18.0						
17.4600	8.707	0.000	2037.41	18.0						
17.4800	8.707	0.000	2039.62	18.0						
17.5000	8.708	0.001	2041.81	18.0						
17.5200	8.708	-0.001	2044.01	18.0						
17.5400	8.708	0.001	2046.22	18.0						
17.5600	8.709	0.001	2048.41	18.0						
17.5800	8.710	0.000	2050.61	18.0						
17.6000	8.710	0.000	2052.81	18.0						
17.6200	8.710	0.000	2055.01	18.0						
17.6400	8.711	0.001	2057.21	18.0						
17.6600	8.711	0.000	2059.41	18.0						
17.6800	8.711	0.000	2061.60	18.0						
17.7000	8.711	0.001	2063.80	18.0						
17.7200	8.712	0.001	2066.01	18.0						
17.7400	8.712	0.000	2068.20	18.0						
17.7600	8.713	0.000	2070.40	18.0						
17.7800	8.713	0.000	2072.61	18.0						
17.8000	8.714	0.000	2074.80	18.0						
17.8200	8.714	0.000	2077.00	18.0						
17.8400	8.714	0.000	2079.20	18.0						
17.8600	8.714	0.001	2081.40	18.0						
17.8800	8.715	0.001	2083.60	18.0						
17.9000	8.716	0.001	2085.80	18.0						
17.9200	8.715	0.000	2088.00	18.0						
17.9400	8.716	0.001	2090.20	18.0						
17.9600	8.716	0.000	2092.40	18.0						
17.9800	8.717	0.001	2094.59	18.0						
18.0000	8.717	0.000	2096.79	18.0						
18.0200	8.718	0.001	2099.00	18.0						
18.0400	8.718	0.000	2101.19	18.0						
18.0600	8.718	0.000	2103.39	18.0						
18.0800	8.719	0.000	2105.59	18.0						
18.1000	8.719	0.001	2107.79	18.0						
18.1200	8.720	0.001	2109.99	18.0						
18.1400	8.720	0.001	2112.19	18.0						
18.1600	8.721	0.000	2114.39	18.0						
18.1800	8.721	0.000	2116.59	18.0						
18.2000	8.721	0.001	2118.79	18.0						
18.2200	8.722	0.001	2120.98	18.0						
18.2400	8.723	0.001	2123.18	18.0						
18.2600	8.722	0.000	2125.48	18.0						
18.2800	8.723	0.000	2127.68	18.0						
18.3000	8.723	0.001	2129.89	18.0						
18.3200	8.724	0.000	2132.08	18.0						
18.3400	8.724	0.000	2134.28	18.0						
18.3600	8.724	0.001	2136.48	18.0						
18.3800	8.725	0.001	2138.68	18.0						
18.4000	8.726	0.000	2140.88	18.0						
18.4200	8.726	0.000	2143.08	18.0						
18.4400	8.726	0.000	2145.28	18.0						
18.4600	8.727	0.000	2147.48	18.0						
18.4800	8.727	0.000	2149.68	18.0						
18.5000	8.727	0.000	2151.87	18.0						
18.5200	8.728	0.000	2154.18	18.0						
18.5400	8.728	0.001	2156.37	18.0						
18.5600	8.729	0.000	2158.57	18.0						
18.5800	8.729	0.000	2160.78	18.0						
18.6000	8.729	0.000	2162.97	18.0						
18.6200	8.730	0.000	2165.17	18.0						
18.6400	8.730	0.000	2167.37	18.0						
18.6600	8.730	0.000	2169.57	18.0						
18.6800	8.731	0.000	2171.77	18.0						
18.7000	8.731	0.000	2173.97	18.0						
18.7200	8.732	0.001	2176.17	18.0						
18.7400	8.732	0.001	2178.36	18.0						
18.7600	8.732	0.000	2180.57	18.0						
18.7800	8.733	0.000	2182.76	18.0						
18.8000	8.733	0.000	2184.96	18.0						
18.8200	8.733	0.000	2187.17	18.0						
18.8400	8.734	0.000	2189.36	18.0						
18.8600	8.734	0.001	2191.56	18.0						
18.8800	8.735	0.000	2193.76	18.0						
18.9000	8.735	0.000	2195.96	18.0						
18.9200	8.736	0.001	2198.16	18.0						
18.9400	8.736	0.000	2200.36	18.0						
18.9600	8.736	0.000	2202.56	18.0						
18.9800	8.737	0.000	2204.76	18.0						
19.0000	8.737	0.000	2206.96	18.0						
19.0200	8.737	0.000	2209.15	18.0						
19.0400	8.738	0.000	2211.35	18.0						
19.0600	8.738	0.000	2213.56	18.0						
19.0800	8.739	0.001	2215.75	18.0						
19.1000	8.739	0.000	2217.95	18.0						
19.1200	8.739	0.000	2220.16	18.0						
19.1400	8.740	0.000	2222.35	18.0						
19.1600	8.741	0.001	2224.55	18.0						
19.1800	8.741	0.000	2226.75	18.0						
19.2000	8.741	0.001	2228.95	18.0						
19.2200	8.741	0.000	2231.15	18.0						
19.2400	8.742	0.001	2233.35	18.0						
19.2600	8.742	0.001	2235.65	18.0						
19.2800	8.742	0.000	2237.85	18.0						
19.3000	8.743	0.001	2240.14	18.0						
19.3200	8.743	0.000	2242.35	18.0						
19.3400	8.743	0.000	2244.54	18.0						
19.3600	8.744	0.000	2246.85	18.0						
19.3800	8.744	0.000	2249.05	18.0						
19.4000	8.745	0.000	2251.25	18.0						
19.4200	8.745	0.000	2253.45	18.0						
19.4400	8.745	0.001	2255.64	18.0						
19.4600	8.746	0.000	2257.84	18.0						
19.4800	8.746	0.000	2260.05	18.0						
19.5000	8.747	0.000	2262.45	18.0						
19.5200	8.747	0.000	2264.64	18.0						
19.5400	8.747	0.000	2266.83	18.0						
19.5600	8.748	0.000	2269.04	18.0						
19.5800	8.749	0.001	2271.23	18.0						
19.6000	8.749	0.000	2273.43	18.0						
19.6200	8.749	0.000	2275.64	18.0						
19.6400	8.749	0.000	2277.83	18.0						
19.6600	8.750	0.001	2280.03	18.0						
19.6800	8.750	0.000	2282.23	18.0						
19.7000	8.751	0.001	2284.43	18.0						
19.7200	8.751	0.000	2286.63	18.0						
19.7400	8.752	0.001	2288.83	18.0						
19.7600	8.752	0.000	2291.03	18.0						
19.7800	8.752	0.000	2293.23	18.0						
19.8000	8.753	0.001	2295.43	18.0						
19.8200	8.753	0.000	2297.62	18.0						
19.8400	8.753	0.000	2299.82	18.0						
19.8600	8.754	0.001	2302.03	18.0						
19.8800	8.754	0.000	2304.22	18.0						
19.9000	8.755	0.000	2306.42	18.0						
19.9200	8.755	0.001	2308.63	18.0						
19.9400	8.755	0.000	2310.92	18.0						
19.9600	8.756	0.000	2313.12	18.0						
19.9800	8.756	0.001	2315.32	18.0						
20.0000	8.756	0.000	2317.62	18.0						
20.0200	8.752	-0.005	2341.01	18.0						
20.0400	8.751	-0.001	2343.21	18.0						
20.0600	8.750	-0.001	2345.51	18.0						
20.0800	8.750	0.000	2347.91	18.0						
20.1000	8.750	0.000	2350.11	18.0						
20.1200	8.750	0.000	2352.31	18.0						
20.1400	8.750	0.000	2354.51	18.0						
20.1600	8.750	0.000	2356.70	18.0						
20.1800	8.751	0.001	2358.90	18.0						
20.2000	8.752	0.001	2361.11	18.0						
20.2200	8.752	0.001	2363.30	18.0						
20.2400	8.753	0.000	2365.50	18.0						
20.2600	8.754	0.001	2367.70	18.0						
20.2800	8.755	0.001	2369.90	18.0						
20.3000	8.755	0.001	2372.10	18.0						
20.3200	8.757	0.001	2374.30	18.0						
20.3400	8.757	0.001	2376.50	18.0						
20.3600	8.758	0.001	2378.70	18.0						
20.3800	8.759	0.001	2380.90	18.0						
20.4000	8.759	0.001	2383.09	18.0						
20.4200	8.760	0.000	2385.29	18.0						
20.4400	8.761	0.001	2387.50	18.0						
20.4600	8.762	0.001	2389.69	18.0						
20.4800	8.762	0.000	2391.89	18.0						
20.5000	8.763	0.001	2394.10	18.0						
20.5200	8.764	0.001	2396.29	18.0						
20.5400	8.764	0.000	2398.49	18.0						
20.5600	8.765	0.000	2400.69	18.0						
20.5800	8.765	0.000	2402.89	18.0						
20.6000	8.766	0.001	2405.09	18.0						
20.6200	8.766	0.001	2407.29	18.0						
20.6400	8.766	0.000	2409.49	18.0						
20.6600	8.767	0.001	2411.68	18.0						
20.6800	8.768	0.000	2413.89	18.0						
20.7000	8.768	0.000	2416.08	18.0						
20.7200	8.769	0.001	2418.39	18.0						
20.7400	8.769	0.001	2420.58	18.0						
20.7600	8.769	0.000	2422.78	18.0						
20.7800	8.770	0.001	2424.99	18.0						
20.8000	8.771	0.001	2427.18	18.0						
20.8200	8.771	0.001	2429.38	18.0						
20.8400	8.772	0.001	2431.58	18.0						
20.8600	8.772	0.000	2433.78	18.0						
20.8800	8.773	0.001	2435.98	18.0						
20.9000	8.774	0.001	2438.18	18.0						
20.9200	8.774	0.000	2440.37	18.0						
20.9400	8.774	0.001	2442.68	18.0						
20.9600	8.775	0.000	2444.87	18.0						
20.9800	8.775	0.000	2447.07	18.0						
21.0000	8.776	0.001	2449.28	18.0						
21.0200	8.776	0.000	2451.47	18.0						
21.0400	8.777	0.001	2453.67	18.0						
21.0600	8.777	0.000	2455.87	18.0						
21.0800	8.777	0.001	2458.07	18.0						
21.1000	8.778	0.000	2460.27	18.0						
21.1200	8.778	0.000	2462.47	18.0						
21.1400	8.779	0.001	2464.67	18.0						
21.1600	8.779	0.000	2466.87	18.0						
21.1800	8.779	0.001	2469.07	18.0						
21.2000	8.780	0.000	2471.26	18.0						
21.2200	8.779	0.000	2473.46	18.0						
21.2400	8.778	-0.001	2475.67	18.0						
21.2600	8.777	-0.001	2477.86	18.0						
21.2800	8.776	-0.001	2480.07	18.0						
21.3000	8.774	-0.001	2482.27	18.0						
21.3200	8.773	-0.001	2484.47	18.0						
21.3400	8.772	-0.001	2486.67	18.0						
21.3600	8.771	-0.001	2488.87	18.0						
21.3800	8.771	-0.001	2491.06	18.0						
21.4000	8.769	-0.001	2493.26	18.0						
21.4200	8.769	0.000	2495.47	18.0						
21.4400	8.768	-0.001	2497.66	18.0						
21.4600	8.768	-0.001	2499.85	18.0						
21.4800	8.767	-0.001	2502.06	18.0						
21.5000	8.766	-0.001	2504.25	18.0						
21.5200	8.766	0.000	2506.56	18.0						
21.5400	8.766	-0.001	2508.75	18.0						
21.5600	8.765	0.000	2510.95	18.0						
21.5800	8.765	0.000	2513.15	18.0						
21.6000	8.764	0.000	2515.35	18.0						
21.6200	8.764	0.000	2517.55	18.0						
21.6400	8.764	0.000	2519.75	18.0						
21.6600	8.763	0.000	2521.95	18.0						
21.6800	8.763	-0.001	2524.15	18.0						
21.7000	8.762	0.000	2526.35	18.0						
21.7200	8.762	0.000	2528.54	18.0						
21.7400	8.762	0.000	2530.74	18.0						
21.7600	8.762	0.000	2532.95	18.0						
21.7800	8.762	0.000	2535.14	18.0						
21.8000	8.761	-0.001	2537.34	18.0						
21.8200	8.761	0.000	2539.55	18.0						
21.8400	8.761	0.000	2541.74	18.0						
21.8600	8.761	0.000	2543.94	18.0						
21.8800	8.761	0.000	2546.14	18.0						
21.9000	8.760	0.000	2548.34	18.0						
21.9200	8.760	0.000	2550.64	18.0						
21.9400	8.760	0.000	2552.84	18.0						
21.9600	8.760	0.000	2555.04	18.0						
21.9800	8.761	0.000	2557.24	18.0						
22.0000	8.762	0.002	2559.43	18.0						
22.0200	8.764	0.001	2561.63	18.0						
22.0400	8.765	0.002	2563.84	18.0						
22.0600	8.767	0.002	2566.03	18.0						
22.0800	8.769	0.002	2568.23	18.0						
22.1000	8.770	0.001	2570.43	18.0						
22.1200	8.771	0.001	2572.63	18.0						
22.1400	8.772	0.002	2574.83	18.0						
22.1600	8.774	0.001	2577.03	18.0						
22.1800	8.774	0.000	2579.33	18.0						
22.2000	8.775	0.001	2581.53	18.0						
22.2200	8.776	0.001	2583.73	18.0						
22.2400	8.777	0.001	2585.92	18.0						
22.2600	8.778	0.001	2588.13	18.0						
22.2800	8.779	0.001	2590.32	18.0						
22.3000	8.780	0.001	2592.52	18.0						
22.3200	8.780	0.000	2594.73	18.0						
22.3400	8.780	0.000	2596.92	18.0						
22.3600	8.781	0.000	2599.12	18.0						
22.3800	8.781	0.001	2601.32	18.0						
22.4000	8.782	0.001	2603.52	18.0						
22.4200	8.783	0.000	2605.72	18.0						
22.4400	8.783	0.000	2608.02	18.0						
22.4600	8.783	0.000	2610.42	18.0						
22.4800	8.783	0.000	2612.62	18.0						
22.5000	8.784	0.000	2614.82	18.0						
22.5200	8.784	0.000	2617.01	18.0						
22.5400	8.785	0.001	2619.21	18.0						
22.5600	8.785	0.000	2621.42	18.0						
22.5800	8.785	0.000	2623.61	18.0						
22.6000	8.786	0.001	2625.81	18.0						
22.6200	8.787	0.001	2628.01	18.0						
22.6400	8.786	-0.001	2630.21	18.0						
22.6600	8.787	0.001	2632.41	18.0						
22.6800	8.787	0.000	2634.61	18.0						
22.7000	8.788	0.001	2636.81	18.0						
22.7200	8.789	0.001	2639.11	18.0						
22.7400	8.788	-0.001	2641.31	18.0						
22.7600	8.788	0.000	2643.61	18.0						
22.7800	8.789	0.000	2645.81	18.0						
22.8000	8.789	0.000	2648.00	18.0						
22.8200	8.789	0.000	2650.21	18.0						
22.8400	8.789	0.001	2652.40	18.0						
22.8600	8.790	0.001	2654.60	18.0						
22.8800	8.789	0.000	2656.80	18.0						
22.9000	8.790	0.001	2659.00	18.0						
22.9200	8.790	0.000	2661.20	18.0						
22.9400	8.790	0.000	2663.40	18.0						
22.9600	8.791	0.001	2665.60	18.0						
22.9800	8.791	0.000	2667.80	18.0						
23.0000	8.791	0.000	2670.00	18.0						
23.0200	8.791	0.000	2672.29	18.0						
23.0400	8.792	0.000	2674.50	18.0						
23.0600	8.792	0.000	2676.69	18.0						
23.0800	8.792	0.000	2678.89	18.0						
23.1000	8.791	0.000	2681.10	18.0						
23.1200	8.792	0.001	2683.40	18.0						
23.1400	8.792	0.000	2685.70	18.0						
23.1600	8.792	0.000	2687.90	18.0						
23.1800	8.793	0.000	2690.10	18.0						
23.2000	8.793	0.000	2692.29	18.0						
23.2200	8.793	0.000	2694.49	18.0						
23.2400	8.793	0.000	2696.70	18.0						
23.2600	8.793	0.001	2698.89	18.0						
23.2800	8.793	0.000	2701.08	18.0						
23.3000	8.793	0.000	2703.29	18.0						
23.3200	8.793	0.000	2705.48	18.0						
23.3400	8.793	0.000	2707.68	18.0						
23.3600	8.793	0.000	2710.08	18.0						
23.3800	8.793	0.000	2712.29	18.0						
23.4000	8.793	0.000	2714.48	18.0						
23.4200	8.793	0.000	2716.78	18.0						
23.4400	8.794	0.001	2718.98	18.0						
23.4600	8.794	0.000	2721.18	18.0						
23.4800	8.794	0.000	2723.38	18.0						
23.5000	8.794	0.000	2725.58	18.0						
23.5200	8.794	0.000	2727.78	18.0						
23.5400	8.794	0.000	2729.98	18.0						
23.5600	8.794	0.000	2732.17	18.0						
23.5800	8.794	0.000	2734.37	18.0						
23.6000	8.794	0.000	2736.58	18.0						
23.6200	8.794	0.000	2738.77	18.0						
23.6400	8.794	0.000	2740.97	18.0						
23.6600	8.794	0.000	2743.17	18.0						
23.6800	8.794	0.000	2745.37	18.0						
23.7000	8.793	0.000	2747.57	18.0						
23.7200	8.794	0.001	2749.77	18.0						
23.7400	8.794	0.000	2751.97	18.0						
23.7600	8.794	0.000	2754.17	18.0						
23.7800	8.794	0.000	2756.37	18.0						
23.8000	8.794	0.000	2758.56	18.0						
23.8200	8.794	0.000	2760.76	18.0						
23.8400	8.794	0.000	2762.97	18.0						
23.8600	8.794	0.000	2765.16	18.0						
23.8800	8.794	0.000	2767.36	18.0						
23.9000	8.794	0.000	2769.57	18.0						
23.9200	8.795	0.000	2771.76	18.0						
23.9400	8.794	0.000	2774.06	18.0						
23.9600	8.795	0.000	2776.26	18.0						
23.9800	8.794	0.000	2778.46	18.0						
24.0000	8.794	0.000	2780.66	18.0						
24.0200	8.794	0.000	2782.86	18.0						
24.0400	8.794	0.000	2785.06	18.0						
24.0600	8.795	0.000	2787.26	18.0						
24.0800	8.795	0.000	2789.45	18.0						
24.1000	8.794	-0.001	2791.65	18.0						
24.1200	8.795	0.001	2793.86	18.0						
24.1400	8.795	0.000	2796.15	18.0						
24.1600	8.794	-0.001	2798.45	18.0						
24.1800	8.795	0.000	2800.65	18.0						
24.2000	8.795	0.000	2802.85	18.0						
24.2200	8.795	0.000	2805.05	18.0						
24.2400	8.795	0.000	2807.25	18.0						
24.2600	8.795	0.000	2809.55	18.0						
24.2800	8.794	0.000	2811.75	18.0						
24.3000	8.794	0.000	2813.95	18.0						
24.3200	8.795	0.000	2816.15	18.0						
24.3400	8.794	0.000	2818.34	18.0						
24.3600	8.794	0.000	2820.55	18.0						
24.3800	8.795	0.000	2822.74	18.0						
24.4000	8.795	0.000	2824.94	18.0						
24.4200	8.795	0.000	2827.15	18.0						
24.4400	8.795	0.000	2829.34	18.0						
24.4600	8.795	0.000	2831.54	18.0						
24.4800	8.795	0.000	2833.74	18.0						
24.5000	8.795	0.000	2835.94	18.0						
24.5200	8.795	0.000	2838.14	18.0						
24.5400	8.795	0.000	2840.34	18.0						
24.5600	8.796	0.000	2842.54	18.0						
24.5800	8.796	0.000	2844.73	18.0						
24.6000	8.796	0.000	2846.94	18.0						
24.6200	8.796	0.000	2849.13	18.0						
24.6400	8.796	0.000	2851.33	18.0						
24.6600	8.796	0.000	2853.54	18.0						
24.6800	8.796	0.000	2855.74	18.0						
24.7000	8.796	0.000	2857.94	18.0						
24.7200	8.796	0.000	2860.14	18.0						
24.7400	8.796	0.000	2862.34	18.0						
24.7600	8.796	0.000	2864.53	18.0						
24.7800	8.797	0.000	2866.74	18.0						
24.8000	8.797	0.000	2868.93	18.0						
24.8200	8.797	0.000	2871.13	18.0						
24.8400	8.797	0.000	2873.33	18.0						
24.8600	8.797	0.000	2875.52	18.0						
24.8800	8.798	0.001	2877.72	18.0						
24.9000	8.797	-0.001	2879.93	18.0						
24.9200	8.797	0.000	2882.12	18.0						
24.9400	8.797	0.000	2884.32	18.0						
24.9600	8.797	0.000	2886.52	18.0						
24.9800	8.797	0.000	2888.72	18.0						
25.0000	8.798	0.001	2890.92	18.0						
25.0200	8.797	0.000	2893.12	18.0						
25.0400	8.798	0.000	2895.32	18.0						
25.0600	8.798	0.000	2897.52	18.0						
25.0800	8.797	0.000	2899.72	18.0						
25.1000	8.798	0.000	2902.02	18.0						
25.1200	8.798	0.000	2904.22	18.0						
25.1400	8.798	0.000	2906.41	18.0						
25.1600	8.798	0.000	2908.61	18.0						
25.1800	8.798	0.000	2910.82	18.0						
25.2000	8.798	0.000	2913.22	18.0						
25.2200	8.799	0.001	2915.41	18.0						
25.2400	8.799	0.000	2917.61	18.0						
25.2600	8.799	0.000	2919.81	18.0						
25.2800	8.799	0.000	2922.01	18.0						
25.3000	8.799	0.000	2924.21	18.0						
25.3200	8.799	0.000	2926.41	18.0						
25.3400	8.799	0.000	2928.61	18.0						
25.3600	8.800	0.000	2930.81	18.0						
25.3800	8.800	0.000	2933.01	18.0						
25.4000	8.800	0.000	2935.20	18.0						
25.4200	8.800	0.000	2937.40	18.0						
25.4400	8.800	0.000	2939.61	18.0						
25.4600	8.800	0.000	2941.80	18.0						
25.4800	8.801	0.001	2944.11	18.0						
25.5000	8.801	0.000	2946.30	18.0						
25.5200	8.801	0.000	2948.50	18.0						
25.5400	8.801	0.000	2950.70	18.0						
25.5600	8.801	0.000	2952.90	18.0						
25.5800	8.801	0.000	2955.10	18.0						
25.6000	8.802	0.001	2957.30	18.0						
25.6200	8.802	0.000	2959.50	18.0						
25.6400	8.801	0.000	2961.69	18.0						
25.6600	8.802	0.000	2963.90	18.0						
25.6800	8.802	0.000	2966.09	18.0						
25.7000	8.802	0.000	2968.40	18.0						
25.7200	8.803	0.001	2970.59	18.0						
25.7400	8.802	-0.001	2972.79	18.0						
25.7600	8.803	0.000	2974.99	18.0						
25.7800	8.803	0.000	2977.19	18.0						
25.8000	8.803	0.000	2979.39	18.0						
25.8200	8.803	0.000	2981.59	18.0						
25.8400	8.803	0.000	2983.79	18.0						
25.8600	8.803	0.000	2985.99	18.0						
25.8800	8.803	0.000	2988.19	18.0						
25.9000	8.803	0.000	2990.38	18.0						
25.9200	8.804	0.000	2992.58	18.0						
25.9400	8.804	0.000	2994.79	18.0						
25.9600	8.804	0.001	2996.98	18.0						
25.9800	8.805	0.001	2999.18	18.0						
26.0000	8.804	-0.001	3001.39	18.0						
26.0200	8.805	0.001	3003.58	18.0						
26.0400	8.805	0.000	3005.78	18.0						
26.0600	8.805	0.000	3007.98	18.0						
26.0800	8.805	0.001	3010.18	18.0						
26.1000	8.805	0.000	3012.48	18.0						
26.1200	8.805	0.000	3014.68	18.0						
26.1400	8.805	0.000	3016.88	18.0						
26.1600	8.806	0.000	3019.08	18.0						
26.1800	8.806	0.000	3021.27	18.0						
26.2000	8.806	0.000	3023.47	18.0						
26.2200	8.807	0.000	3025.68	18.0						
26.2400	8.806	0.000	3027.87	18.0						
26.2600	8.806	0.000	3030.08	18.0						
26.2800	8.807	0.000	3032.28	18.0						
26.3000	8.807	0.000	3034.48	18.0						
26.3200	8.807	0.000	3036.68	18.0						
26.3400	8.807	0.000	3038.88	18.0						
26.3600	8.807	0.000	3041.17	18.0						
26.3800	8.807	0.000	3043.38	18.0						
26.4000	8.808	0.001	3045.57	18.0						
26.4200	8.808	0.000	3047.76	18.0						
26.4400	8.808	0.000	3049.98	18.0						
26.4600	8.808	0.000	3052.16	18.0						
26.4800	8.808	0.000	3054.36	18.0						
26.5000	8.808	0.000	3056.57	18.0						
26.5200	8.808	0.000	3058.76	18.0						
26.5400	8.809	0.000	3060.96	18.0						
26.5600	8.809	0.000	3063.16	18.0						
26.5800	8.809	0.000	3065.46	18.0						
26.6000	8.810	0.001	3067.66	18.0						
26.6200	8.810	0.000	3069.86	18.0						
26.6400	8.810	0.000	3072.06	18.0						
26.6600	8.810	0.000	3074.26	18.0						
26.6800	8.810	0.000	3076.45	18.0						
26.7000	8.811	0.000	3078.65	18.0						
26.7200	8.811	0.000	3080.86	18.0						
26.7400	8.811	0.000	3083.05	18.0						
26.7600	8.811	0.001	3085.25	18.0						
26.7800	8.812	0.000	3087.45	18.0						
26.8000	8.812	0.001	3089.65	18.0						
26.8200	8.812	0.000	3091.85	18.0						
26.8400	8.811	0.000	3094.05	18.0						
26.8600	8.812	0.001	3096.25	18.0						
26.8800	8.812	0.000	3098.45	18.0						
26.9000	8.812	0.000	3100.65	18.0						
26.9200	8.813	0.000	3102.85	18.0						
26.9400	8.813	0.000	3105.15	18.0						
26.9600	8.813	0.000	3107.34	18.0						
26.9800	8.813	0.000	3109.54	18.0						
27.0000	8.814	0.001	3111.75	18.0						
27.0200	8.814	0.000	3113.94	18.0						
27.0400	8.814	0.000	3116.14	18.0						
27.0600	8.814	0.000	3118.34	18.0						
27.0800	8.814	0.000	3120.64	18.0						
27.1000	8.815	0.001	3122.84	18.0						
27.1200	8.815	0.000	3125.04	18.0						
27.1400	8.815	0.000	3127.24	18.0						
27.1600	8.816	0.000	3129.44	18.0						
27.1800	8.816	0.000	3131.64	18.0						
27.2000	8.816	0.000	3133.83	18.0						
27.2200	8.816	0.000	3136.04	18.0						
27.2400	8.816	0.000	3138.23	18.0						
27.2600	8.816	0.000	3140.43	18.0						
27.2800	8.817	0.000	3142.64	18.0						
27.3000	8.817	0.000	3144.83	18.0						
27.3200	8.817	0.000	3147.03	18.0						
27.3400	8.817	0.001	3149.23	18.0						
27.3600	8.818	0.000	3151.43	18.0						
27.3800	8.818	0.000	3153.63	18.0						
27.4000	8.818	0.000	3155.83	18.0						
27.4200	8.819	0.000	3158.03	18.0						
27.4400	8.818	0.000	3160.23	18.0						
27.4600	8.819	0.001	3162.43	18.0						
27.4800	8.819	0.000	3164.62	18.0						
27.5000	8.819	0.000	3166.82	18.0						
27.5200	8.819	0.000	3169.03	18.0						
27.5400	8.820	0.000	3171.43	18.0						
27.5600	8.820	0.001	3173.62	18.0						
27.5800	8.820	0.000	3175.82	18.0						
27.6000	8.821	0.000	3178.02	18.0						
27.6200	8.821	0.000	3180.22	18.0						
27.6400	8.822	0.001	3182.42	18.0						
27.6600	8.822	0.000	3184.62	18.0						
27.6800	8.822	0.000	3186.82	18.0						
27.7000	8.822	0.000	3189.02	18.0						
27.7200	8.822	0.000	3191.22	18.0						
27.7400	8.822	0.000	3193.41	18.0						
27.7600	8.822	0.000	3195.61	18.0						
27.7800	8.823	0.000	3197.82	18.0						
27.8000	8.823	0.000	3200.01	18.0						
27.8200	8.823	0.000	3202.22	18.0						
27.8400	8.823	0.001	3204.42	18.0						
27.8600	8.824	0.001	3206.61	18.0						
27.8800	8.824	0.000	3208.81	18.0						
27.9000	8.824	0.000	3211.02	18.0						
27.9200	8.824	0.000	3213.21	18.0						
27.9400	8.825	0.000	3215.52	18.0						
27.9600	8.825	0.001	3217.71	18.0						
27.9800	8.827	0.001	3220.02	18.0						
28.0000	8.826	-0.001	3222.21	18.0						
28.0200	8.826	0.000	3224.40	18.0						
28.0400	8.827	0.000	3226.70	18.0						
28.0600	8.827	0.000	3228.90	18.0						
28.0800	8.827	0.000	3231.11	18.0						
28.1000	8.828	0.001	3233.30	18.0						
28.1200	8.828	0.000	3235.50	18.0						
28.1400	8.829	0.001	3237.70	18.0						
28.1600	8.829	0.000	3239.90	18.0						
28.1800	8.829	0.000	3242.10	18.0						
28.2000	8.830	0.000	3244.30	18.0						
28.2200	8.830	0.001	3246.50	18.0						
28.2400	8.830	0.000	3248.69	18.0						
28.2600	8.831	0.000	3250.90	18.0						
28.2800	8.831	0.000	3253.09	18.0						
28.3000	8.831	0.001	3255.29	18.0						
28.3200	8.831	0.000	3257.50	18.0						
28.3400	8.832	0.000	3259.79	18.0						
28.3600	8.832	0.000	3262.00	18.0						
28.3800	8.832	0.000	3264.19	18.0						
28.4000	8.833	0.000	3266.39	18.0						
28.4200	8.833	0.000	3268.59	18.0						
28.4400	8.834	0.001	3270.79	18.0						
28.4600	8.834	0.001	3272.99	18.0						
28.4800	8.835	0.000	3275.19	18.0						
28.5000	8.835	0.000	3277.38	18.0						
28.5200	8.835	0.000	3279.58	18.0						
28.5400	8.835	0.000	3281.79	18.0						
28.5600	8.836	0.000	3283.98	18.0						
28.5800	8.836	0.000	3286.18	18.0						
28.6000	8.837	0.001	3288.39	18.0						
28.6200	8.837	0.000	3290.58	18.0						
28.6400	8.838	0.000	3292.78	18.0						
28.6600	8.838	0.000	3294.98	18.0						
28.6800	8.838	0.000	3297.18	18.0						
28.7000	8.839	0.001	3299.38	18.0						
28.7200	8.839	0.000	3301.58	18.0						
28.7400	8.840	0.001	3303.78	18.0						
28.7600	8.840	0.000	3305.97	18.0						
28.7800	8.841	0.001	3308.18	18.0						
28.8000	8.840	0.000	3310.37	18.0						
28.8200	8.841	0.001	3312.57	18.0						
28.8400	8.842	0.000	3314.78	18.0						
28.8600	8.842	0.000	3316.97	18.0						
28.8800	8.842	0.000	3319.17	18.0						
28.9000	8.843	0.001	3321.37	18.0						
28.9200	8.843	0.001	3323.57	18.0						
28.9400	8.843	0.000	3325.77	18.0						
28.9600	8.844	0.001	3327.97	18.0						
28.9800	8.844	0.000	3330.17	18.0						
29.0000	8.844	0.000	3332.37	18.0						
29.0200	8.845	0.001	3334.57	18.0						
29.0400	8.846	0.001	3336.76	18.0						
29.0600	8.846	0.001	3338.96	18.0						
29.0800	8.846	0.000	3341.17	18.0						
29.1000	8.847	0.000	3343.36	18.0						
29.1200	8.847	0.001	3345.56	18.0						
29.1400	8.848	0.001	3347.76	18.0						
29.1600	8.848	0.000	3349.96	18.0						
29.1800	8.848	0.000	3352.16	18.0						
29.2000	8.849	0.000	3354.36	18.0						
29.2200	8.850	0.001	3356.56	18.0						
29.2400	8.850	0.000	3358.76	18.0						
29.2600	8.850	0.000	3360.96	18.0						
29.2800	8.852	0.002	3363.15	18.0						
29.3000	8.852	0.000	3365.35	18.0						
29.3200	8.852	0.000	3367.65	18.0						
29.3400	8.852	0.000	3369.85	18.0						
29.3600	8.853	0.001	3372.06	18.0						
29.3800	8.853	0.000	3374.25	18.0						
29.4000	8.854	0.001	3376.45	18.0						
29.4200	8.854	0.000	3378.65	18.0						
29.4400	8.854	0.000	3380.85	18.0						
29.4600	8.855	0.000	3383.05	18.0						
29.4800	8.855	0.001	3385.25	18.0						
29.5000	8.856	0.000	3387.45	18.0						
29.5200	8.857	0.001	3389.65	18.0						
29.5400	8.857	0.000	3391.85	18.0						
29.5600	8.858	0.001	3394.04	18.0						
29.5800	8.860	0.002	3396.24	18.0						
29.6000	8.859	-0.001	3398.45	18.0						
29.6200	8.859	0.000	3400.64	18.0						
29.6400	8.860	0.001	3402.85	18.0						
29.6600	8.860	0.000	3405.05	18.0						
29.6800	8.861	0.001	3407.25	18.0						
29.7000	8.862	0.001	3409.44	18.0						
29.7200	8.862	0.000	3411.65	18.0						
29.7400	8.862	0.000	3413.84	18.0						
29.7600	8.862	0.000	3416.04	18.0						
29.7800	8.864	0.002	3418.25	18.0						
29.8000	8.865	0.001	3420.43	18.0						
29.8200	8.865	0.000	3422.63	18.0						
29.8400	8.865	0.000	3424.84	18.0						
29.8600	8.866	0.001	3427.03	18.0						
29.8800	8.866	0.000	3429.34	18.0						
29.9000	8.866	0.000	3431.53	18.0						
29.9200	8.867	0.001	3433.83	18.0						
29.9400	8.868	0.000	3436.03	18.0						
29.9600	8.868	0.001	3438.23	18.0						
29.9800	8.869	0.000	3440.43	18.0						
30.0000	8.869	0.000	3442.63	18.0						
30.0200	8.870	0.001	3444.83	18.0						
30.0400	8.871	0.001	3447.03	18.0						
30.0600	8.872	0.001	3449.22	18.0						
30.0800	8.872	0.000	3451.42	18.0						
30.1000	8.873	0.000	3453.63	18.0						
30.1200	8.873	0.001	3455.82	18.0						
30.1400	8.873	0.000	3458.02	18.0						
30.1600	8.874	0.001	3460.23	18.0						
30.1800	8.875	0.001	3462.42	18.0						
30.2000	8.875	0.001	3464.62	18.0						
30.2200	8.876	0.001	3466.82	18.0						
30.2400	8.877	0.001	3469.02	18.0						
30.2600	8.878	0.000	3471.42	18.0						
30.2800	8.878	0.000	3473.62	18.0						
30.3000	8.878	0.000	3475.82	18.0						
30.3200	8.879	0.001	3478.01	18.0						
30.3400	8.879	0.001	3480.21	18.0						
30.3600	8.880	0.000	3482.42	18.0						
30.3800	8.881	0.001	3484.61	18.0						
30.4000	8.882	0.001	3486.81	18.0						
30.4200	8.882	0.000	3489.02	18.0						
30.4400	8.884	0.002	3491.21	18.0						
30.4600	8.884	0.000	3493.41	18.0						
30.4800	8.885	0.000	3495.61	18.0						
30.5000	8.886	0.002	3497.81	18.0						
30.5200	8.886	0.000	3500.01	18.0						
30.5400	8.887	0.000	3502.21	18.0						
30.5600	8.887	0.000	3504.41	18.0						
30.5800	8.888	0.001	3506.60	18.0						
30.6000	8.890	0.001	3508.81	18.0						
30.6200	8.890	0.000	3511.00	18.0						
30.6400	8.891	0.001	3513.20	18.0						
30.6600	8.892	0.001	3515.41	18.0						
30.6800	8.892	0.000	3517.60	18.0						
30.7000	8.893	0.001	3519.80	18.0						
30.7200	8.894	0.001	3522.00	18.0						
30.7400	8.894	0.000	3524.20	18.0						
30.7600	8.896	0.001	3526.40	18.0						
30.7800	8.896	0.000	3528.60	18.0						
30.8000	8.897	0.001	3530.80	18.0						
30.8200	8.897	0.000	3533.00	18.0						
30.8400	8.898	0.001	3535.20	18.0						
30.8600	8.899	0.001	3537.39	18.0						
30.8800	8.900	0.001	3539.59	18.0						
30.9000	8.900	0.001	3541.80	18.0						
30.9200	8.901	0.000	3543.99	18.0						
30.9400	8.902	0.001	3546.19	18.0						
30.9600	8.902	0.000	3548.39	18.0						
30.9800	8.903	0.001	3550.59	18.0						
31.0000	8.904	0.001	3552.79	18.0						
31.0200	8.906	0.002	3554.99	18.0						
31.0400	8.906	0.000	3557.19	18.0						
31.0600	8.907	0.001	3559.39	18.0						
31.0800	8.908	0.001	3561.59	18.0						
31.1000	8.909	0.001	3563.78	18.0						
31.1200	8.910	0.001	3565.98	18.0						
31.1400	8.911	0.001	3568.19	18.0						
31.1600	8.911	0.000	3570.38	18.0						
31.1800	8.913	0.001	3572.58	18.0						
31.2000	8.914	0.001	3574.79	18.0						
31.2200	8.914	0.001	3576.98	18.0						
31.2400	8.915	0.001	3579.18	18.0						
31.2600	8.915	0.000	3581.38	18.0						
31.2800	8.916	0.000	3583.58	18.0						
31.3000	8.918	0.002	3585.78	18.0						
31.3200	8.918	0.000	3587.98	18.0						
31.3400	8.919	0.001	3590.18	18.0						
31.3600	8.920	0.001	3592.37	18.0						
31.3800	8.921	0.001	3594.58	18.0						
31.4000	8.922	0.001	3596.87	18.0						
31.4200	8.923	0.001	3599.08	18.0						
31.4400	8.923	0.000	3601.27	18.0						
31.4600	8.925	0.001	3603.48	18.0						
31.4800	8.924	0.000	3605.68	18.0						
31.5000	8.926	0.002	3607.87	18.0						
31.5200	8.927	0.001	3610.08	18.0						
31.5400	8.929	0.002	3612.28	18.0						
31.5600	8.929	0.001	3614.47	18.0						
31.5800	8.931	0.001	3616.67	18.0						
31.6000	8.931	0.001	3618.88	18.0						
31.6200	8.934	0.002	3621.06	18.0						
31.6400	8.934	0.000	3623.26	18.0						
31.6600	8.935	0.002	3625.47	18.0						
31.6800	8.936	0.001	3627.66	18.0						
31.7000	8.936	0.000	3629.86	18.0						
31.7200	8.938	0.001	3632.07	18.0						
31.7400	8.938	0.001	3634.26	18.0						
31.7600	8.939	0.000	3636.46	18.0						
31.7800	8.940	0.002	3638.66	18.0						
31.8000	8.941	0.001	3640.86	18.0						
31.8200	8.943	0.002	3643.06	18.0						
31.8400	8.945	0.002	3645.26	18.0						
31.8600	8.946	0.000	3647.46	18.0						
31.8800	8.945	0.000	3649.65	18.0						
31.9000	8.947	0.002	3651.86	18.0						
31.9200	8.948	0.001	3654.05	18.0						
31.9400	8.948	0.000	3656.25	18.0						
31.9600	8.950	0.002	3658.46	18.0						
31.9800	8.952	0.002	3660.65	18.0						
32.0000	8.954	0.001	3662.85	18.0						
32.0200	8.954	0.000	3665.05	18.0						
32.0400	8.955	0.001	3667.25	18.0						
32.0600	8.956	0.001	3669.45	18.0						
32.0800	8.956	0.000	3671.65	18.0						
32.1000	8.957	0.001	3673.85	18.0						
32.1200	8.959	0.001	3676.05	18.0						
32.1400	8.960	0.001	3678.25	18.0						
32.1600	8.961	0.002	3680.44	18.0						
32.1800	8.962	0.001	3682.64	18.0						
32.2000	8.964	0.002	3684.85	18.0						
32.2200	8.964	0.001	3687.04	18.0						
32.2400	8.966	0.001	3689.24	18.0						
32.2600	8.966	0.001	3691.44	18.0						
32.2800	8.968	0.002	3693.64	18.0						
32.3000	8.970	0.002	3695.94	18.0						
32.3200	8.971	0.001	3698.14	18.0						
32.3400	8.973	0.002	3700.34	18.0						
32.3600	8.973	0.000	3702.54	18.0						
32.3800	8.974	0.001	3704.74	18.0						
32.4000	8.975	0.001	3706.93	18.0						
32.4200	8.976	0.001	3709.14	18.0						
32.4400	8.978	0.001	3711.33	18.0						
32.4600	8.980	0.003	3713.53	18.0						
32.4800	8.981	0.001	3715.74	18.0						
32.5000	8.981	0.000	3717.93	18.0						
32.5200	8.983	0.002	3720.13	18.0						
32.5400	8.984	0.001	3722.33	18.0						
32.5600	8.985	0.001	3724.53	18.0						
32.5800	8.987	0.002	3726.73	18.0						
32.6000	8.987	0.000	3728.93	18.0						
32.6200	8.989	0.001	3731.13	18.0						
32.6400	8.992	0.004	3733.43	18.0						
32.6600	8.992	0.000	3735.63	18.0						
32.6800	8.992	0.000	3737.82	18.0						
32.7000	8.996	0.003	3740.22	18.0						
32.7200	8.996	0.001	3742.43	18.0						
32.7400	8.997	0.001	3744.62	18.0						
32.7600	8.999	0.003	3746.82	18.0						
32.7800	9.000	0.001	3749.02	18.0						
32.8000	9.002	0.002	3751.22	18.0						
32.8200	9.003	0.001	3753.42	18.0						
32.8400	9.004	0.001	3755.62	18.0						
32.8600	9.006	0.002	3757.82	18.0						
32.8800	9.007	0.002	3760.02	18.0						
32.9000	9.008	0.000	3762.22	18.0						
32.9200	9.009	0.001	3764.41	18.0						
32.9400	9.010	0.001	3766.81	18.0						
32.9600	9.011	0.002	3769.01	18.0						
32.9800	9.012	0.001	3771.22	18.0						
33.0000	9.014	0.002	3773.41	18.0						
33.0200	9.016	0.003	3775.61	18.0						
33.0400	9.019	0.002	3777.91	18.0						
33.0600	9.020	0.001	3780.11	18.0						
33.0800	9.022	0.002	3782.31	18.0						
33.1000	9.022	0.000	3784.51	18.0						
33.1200	9.023	0.001	3786.71	18.0						
33.1400	9.025	0.002	3788.91	18.0						
33.1600	9.026	0.001	3791.11	18.0						
33.1800	9.028	0.002	3793.30	18.0						
33.2000	9.029	0.001	3795.51	18.0						
33.2200	9.031	0.002	3797.70	18.0						
33.2400	9.034	0.002	3799.90	18.0						
33.2600	9.034	0.000	3802.11	18.0						
33.2800	9.037	0.003	3804.31	18.0						
33.3000	9.039	0.002	3806.51	18.0						
33.3200	9.041	0.002	3808.71	18.0						
33.3400	9.040	-0.001	3810.91	18.0						
33.3600	9.042	0.002	3813.10	18.0						
33.3800	9.043	0.001	3815.31	18.0						
33.4000	9.046	0.003	3817.50	18.0						
33.4200	9.048	0.002	3819.70	18.0						
33.4400	9.049	0.000	3821.91	18.0						
33.4600	9.049	0.000	3824.09	18.0						
33.4800	9.051	0.003	3826.29	18.0						
33.5000	9.053	0.001	3828.50	18.0						
33.5200	9.054	0.002	3830.69	18.0						
33.5400	9.057	0.002	3832.89	18.0						
33.5600	9.058	0.002	3835.09	18.0						
33.5800	9.059	0.001	3837.29	18.0						
33.6000	9.062	0.002	3839.49	18.0						
33.6200	9.062	0.001	3841.69	18.0						
33.6400	9.067	0.005	3843.89	18.0						
33.6600	9.067	0.000	3846.09	18.0						
33.6800	9.069	0.002	3848.29	18.0						
33.7000	9.071	0.002	3850.48	18.0						
33.7200	9.073	0.002	3852.79	18.0						
33.7400	9.075	0.002	3855.08	18.0						
33.7600	9.075	0.000	3857.38	18.0						
33.7800	9.079	0.004	3859.69	18.0						
33.8000	9.081	0.002	3861.88	18.0						
33.8200	9.081	0.000	3864.08	18.0						
33.8400	9.083	0.002	3866.28	18.0						
33.8600	9.085	0.001	3868.48	18.0						
33.8800	9.086	0.002	3870.68	18.0						
33.9000	9.088	0.002	3872.88	18.0						
33.9200	9.089	0.001	3875.08	18.0						
33.9400	9.090	0.001	3877.28	18.0						
33.9600	9.093	0.003	3879.48	18.0						
33.9800	9.097	0.004	3881.67	18.0						
34.0000	9.099	0.002	3883.87	18.0						
34.0200	9.100	0.001	3886.08	18.0						
34.0400	9.100	0.000	3888.27	18.0						
34.0600	9.104	0.004	3890.47	18.0						
34.0800	9.105	0.001	3892.67	18.0						
34.1000	9.108	0.002	3894.87	18.0						
34.1200	9.111	0.004	3897.37	18.0						
34.1400	9.112	0.000	3899.57	18.0						
34.1600	9.113	0.001	3901.77	18.0						
34.1800	9.116	0.003	3904.27	18.0						
34.2000	9.114	-0.002	3906.47	18.0						
34.2200	9.118	0.004	3908.76	18.0						
34.2400	9.120	0.002	3910.97	18.0						
34.2600	9.121	0.001	3913.16	18.0						
34.2800	9.125	0.004	3915.36	18.0						
34.3000	9.127	0.002	3917.57	18.0						
34.3200	9.131	0.004	3919.96	18.0						
34.3400	9.130	-0.001	3922.16	18.0						
34.3600	9.132	0.002	3924.36	18.0						
34.3800	9.138	0.006	3926.76	18.0						
34.4000	9.139	0.002	3928.96	18.0						
34.4200	9.141	0.001	3931.16	18.0						
34.4400	9.140	0.000	3933.36	18.0						
34.4600	9.143	0.003	3935.56	18.0						
34.4800	9.147	0.004	3937.75	18.0						
34.5000	9.151	0.004	3939.95	18.0						
34.5200	9.150	-0.001	3942.16	18.0						
34.5400	9.150	0.001	3944.35	18.0						
34.5600	9.156	0.005	3946.55	18.0						
34.5800	9.159	0.003	3948.75	18.0						
34.6000	9.162	0.003	3950.95	18.0						
34.6200	9.163	0.001	3953.15	18.0						
34.6400	9.167	0.004	3955.35	18.0						
34.6600	9.168	0.001	3957.55	18.0						
34.6800	9.170	0.002	3959.75	18.0						
34.7000	9.173	0.003	3962.05	18.0						
34.7200	9.174	0.001	3964.25	18.0						
34.7400	9.175	0.001	3966.45	18.0						
34.7600	9.177	0.002	3968.64	18.0						
34.7800	9.182	0.005	3970.84	18.0						
34.8000	9.182	0.000	3973.05	18.0						
34.8200	9.183	0.001	3975.24	18.0						
34.8400	9.188	0.005	3977.44	18.0						
34.8600	9.191	0.003	3979.64	18.0						
34.8800	9.193	0.002	3981.94	18.0						
34.9000	9.195	0.001	3984.14	18.0						
34.9200	9.198	0.003	3986.34	18.0						
34.9400	9.201	0.003	3988.54	18.0						
34.9600	9.204	0.003	3990.74	18.0						
34.9800	9.207	0.003	3992.93	18.0						
35.0000	9.211	0.004	3995.13	18.0						
35.0200	9.213	0.002	3997.34	18.0						
35.0400	9.214	0.001	3999.53	18.0						
35.0600	9.220	0.006	4002.24	18.0						
35.0800	9.219	-0.001	4004.44	18.0						
35.1000	9.222	0.003	4006.74	18.0						
35.1200	9.223	0.001	4008.94	18.0						
35.1400	9.226	0.003	4011.14	18.0						
35.1600	9.227	0.001	4013.33	18.0						
35.1800	9.230	0.003	4015.53	18.0						
35.2000	9.239	0.008	4018.34	18.0						
35.2200	9.239	0.000	4020.53	18.0						
35.2400	9.245	0.006	4023.22	18.0						
35.2600	9.242	-0.003	4025.43	18.0						
35.2800	9.246	0.005	4027.64	18.0						
35.3000	9.250	0.003	4030.12	18.0						
35.3200	9.252	0.002	4032.32	18.0						
35.3400	9.255	0.003	4034.52	18.0						
35.3600	9.259	0.005	4037.22	18.0						
35.3800	9.260	0.001	4039.42	18.0						
35.4000	9.265	0.005	4041.62	18.0						
35.4200	9.265	0.000	4043.82	18.0						
35.4400	9.269	0.004	4046.02	18.0						
35.4600	9.272	0.003	4048.22	18.0						
35.4800	9.275	0.003	4050.42	18.0						
35.5000	9.282	0.008	4052.71	18.0						
35.5200	9.283	0.001	4054.92	18.0						
35.5400	9.285	0.002	4057.11	18.0						
35.5600	9.290	0.005	4059.51	18.0						
35.5800	9.295	0.005	4061.71	18.0						
35.6000	9.297	0.003	4064.01	18.0						
35.6200	9.300	0.002	4066.21	18.0						
35.6400	9.305	0.005	4068.51	18.0						
35.6600	9.308	0.003	4071.11	18.0						
35.6800	9.309	0.001	4073.31	18.0						
35.7000	9.311	0.002	4075.51	18.0						
35.7200	9.318	0.007	4078.10	18.0						
35.7400	9.321	0.003	4081.01	18.0						
35.7600	9.319	-0.002	4083.20	18.0						
35.7800	9.324	0.005	4085.40	18.0						
35.8000	9.330	0.007	4087.61	18.0						
35.8200	9.331	0.001	4089.80	18.0						
35.8400	9.336	0.006	4092.00	18.0						
35.8600	9.344	0.007	4096.70	18.0						
35.8800	9.341	-0.003	4099.30	18.0						
35.9000	9.344	0.003	4101.60	18.0						
35.9200	9.346	0.003	4103.90	18.0						
35.9400	9.353	0.006	4106.59	18.0						
35.9600	9.354	0.001	4110.79	18.0						
35.9800	9.354	0.001	4113.19	18.0						
36.0000	9.360	0.005	4115.99	18.0						
36.0200	9.362	0.002	4118.20	18.0						
36.0400	9.367	0.005	4120.90	18.0						
36.0600	9.369	0.003	4123.09	18.0						
36.0800	9.374	0.005	4125.29	18.0						
36.1000	9.378	0.004	4127.49	18.0						
36.1200	9.384	0.006	4129.69	18.0						
36.1400	9.385	0.001	4136.19	18.0						
36.1600	9.383	-0.002	4139.49	18.0						
36.1800	9.388	0.004	4141.68	18.0						
36.2000	9.392	0.004	4144.18	18.0						
36.2200	9.395	0.003	4146.39	18.0						
36.2400	9.402	0.007	4148.68	18.0						
36.2600	9.408	0.006	4150.89	18.0						
36.2800	9.410	0.002	4156.68	18.0						
36.3000	9.407	-0.003	4159.68	18.0						
36.3200	9.409	0.002	4161.88	18.0						
36.3400	9.415	0.006	4164.38	18.0						
36.3600	9.418	0.003	4170.47	18.0						
36.3800	9.415	-0.002	4173.57	18.0						
36.4000	9.419	0.004	4176.08	18.0						
36.4200	9.424	0.005	4178.37	18.0						
36.4400	9.429	0.005	4180.57	18.0						
36.4600	9.434	0.005	4182.77	18.0						
36.4800	9.440	0.006	4184.97	18.0						
36.5000	9.445	0.005	4188.47	18.0						
36.5200	9.443	-0.002	4190.67	18.0						
36.5400	9.455	0.012	4194.67	18.0						
36.5600	9.452	-0.003	4197.07	18.0						
36.5800	9.454	0.002	4199.27	18.0						
36.6000	9.460	0.007	4201.47	18.0						
36.6200	9.469	0.009	4204.27	18.0						
36.6400	9.469	0.000	4211.17	18.0						
36.6600	9.465	-0.004	4214.66	18.0						
36.6800	9.467	0.002	4216.87	18.0						
36.7000	9.472	0.005	4219.16	18.0						
36.7200	9.480	0.008	4222.57	18.0						
36.7400	9.483	0.002	4225.35	18.0						
36.7600	9.485	0.002	4227.55	18.0						
36.7800	9.490	0.005	4232.75	18.0						
36.8000	9.489	0.000	4235.65	18.0						
36.8200	9.492	0.003	4238.45	18.0						
36.8400	9.499	0.007	4242.25	18.0						
36.8600	9.503	0.004	4246.45	18.0						
36.8800	9.499	-0.004	4248.85	18.0						
36.9000	9.501	0.002	4251.05	18.0						
36.9200	9.507	0.006	4257.95	18.0						
36.9400	9.505	-0.002	4261.44	18.0						
36.9600	9.505	-0.001	4263.74	18.0						
36.9800	9.511	0.006	4266.44	18.0						
37.0000	9.516	0.006	4270.34	18.0						
37.0200	9.516	0.000	4272.64	18.0						
37.0400	9.526	0.010	4275.44	18.0						
37.0600	9.527	0.002	4277.64	18.0						
37.0800	9.532	0.005	4279.84	18.0						
37.1000	9.543	0.011	4282.84	18.0						
37.1200	9.547	0.005	4285.03	18.0						
37.1400	9.550	0.003	4291.83	18.0						
37.1600	9.549	-0.001	4295.23	18.0						
37.1800	9.550	0.001	4298.13	18.0						
37.2000	9.556	0.006	4301.73	18.0						
37.2200	9.557	0.001	4304.43	18.0						
37.2400	9.559	0.002	4309.42	18.0						
37.2600	9.561	0.002	4312.72	18.0						
37.2800	9.564	0.003	4315.53	18.0						
37.3000	9.566	0.003	4322.72	18.0						
37.3200	9.559	-0.007	4326.32	18.0						
37.3400	9.571	0.012	4330.42	18.0						
37.3600	9.565	-0.006	4332.82	18.0						
37.3800	9.572	0.007	4336.31	18.0						
37.4000	9.576	0.004	4338.62	18.0						
37.4200	9.577	0.000	4345.82	18.0						
37.4400	9.575	-0.001	4349.41	18.0						
37.4600	9.575	-0.001	4351.71	18.0						
37.4800	9.585	0.010	4354.21	18.0						
37.5000	9.592	0.007	4357.01	18.0						
37.5200	9.596	0.004	4361.71	18.0						
37.5400	9.598	0.002	4365.80	18.0						
37.5600	9.602	0.004	4370.80	18.0						
37.5800	9.602	0.000	4373.50	18.0						
37.6000	9.609	0.007	4377.20	18.0						
37.6200	9.613	0.004	4379.60	18.0						
37.6400	9.622	0.009	4384.30	18.0						
37.6600	9.620	-0.002	4390.10	18.0						
37.6800	9.622	0.003	4393.59	18.0						
37.7000	9.625	0.003	4397.70	18.0						
37.7200	9.628	0.002	4400.19	18.0						
37.7400	9.636	0.008	4402.50	18.0						
37.7600	9.649	0.013	4408.19	18.0						
37.7800	9.646	-0.003	4413.19	18.0						
37.8000	9.646	-0.001	4416.19	18.0						
37.8200	9.652	0.006	4418.79	18.0						
37.8400	9.667	0.015	4423.68	18.0						
37.8600	9.671	0.004	4427.78	18.0						
37.8800	9.669	-0.002	4431.39	18.0						
37.9000	9.675	0.006	4433.69	18.0						
37.9200	9.687	0.012	4436.89	18.0						
37.9400	9.701	0.014	4440.78	18.0						
37.9600	9.708	0.006	4443.08	18.0						
37.9800	9.719	0.011	4447.58	18.0						
38.0000	9.718	-0.001	4455.58	18.0						
38.0200	9.704	-0.014	4464.77	18.0						
38.0400	9.692	-0.012	4469.97	18.0						
38.0600	9.692	-0.001	4476.27	18.0						
38.0800	9.689	-0.002	4479.46	18.0						
38.1000	9.697	0.008	4482.36	18.0						
38.1200	9.709	0.012	4485.57	18.0						
38.1400	9.721	0.012	4488.36	18.0						
38.1600	9.736	0.015	4495.96	18.0						
38.1800	9.728	-0.008	4502.76	18.0						
38.2000	9.728	0.000	4506.35	18.0						
38.2200	9.735	0.007	4511.36	18.0						
38.2400	9.738	0.003	4519.15	18.0						
38.2600	9.739	0.001	4523.35	18.0						
38.2800	9.748	0.009	4527.45	18.0						
38.3000	9.753	0.005	4530.15	18.0						
38.3200	9.776	0.023	4534.34	18.0						
38.3400	9.790	0.014	4538.74	18.0						
38.3600	9.800	0.010	4542.74	18.0						
38.3800	9.813	0.013	4547.74	18.0						
38.4000	9.827	0.014	4551.64	18.0						
38.4200	9.838	0.010	4554.54	18.0						
38.4400	9.863	0.026	4560.24	18.0						
38.4600	9.876	0.012	4564.44	18.0						
38.4800	9.894	0.018	4569.43	18.0						
38.5000	9.906	0.013	4572.24	18.0						
38.5200	9.927	0.020	4583.53	18.0						
38.5400	9.908	-0.019	4591.02	18.0						
38.5600	9.908	0.000	4594.82	18.0						
38.5800	9.918	0.010	4599.23	18.0						
38.6000	9.947	0.030	4602.62	18.0						
38.6200	9.969	0.022	4612.82	18.0						
38.6400	9.963	-0.006	4618.21	18.0						
38.6600	9.968	0.004	4627.72	18.0						
38.6800	9.961	-0.007	4634.12	18.0						
38.7000	9.967	0.006	4637.52	18.0						
38.7200	9.998	0.031	4641.41	18.0						
38.7400	10.037	0.039	4645.01	18.0						
38.7600	10.079	0.042	4652.80	18.0						
38.7800	10.102	0.023	4659.81	18.0						
38.8000	10.117	0.015	4666.70	18.0						
38.8200	10.132	0.015	4670.70	18.0						
38.8400	10.176	0.044	4675.89	18.0						
38.8600	10.230	0.054	4683.20	18.0						
38.8800	10.264	0.034	4690.49	18.0						
38.9000	10.298	0.034	4697.19	18.0						
38.9200	10.332	0.034	4707.28	18.0						
38.9400	10.355	0.023	4712.98	18.0						
38.9600	10.390	0.035	4719.48	18.0						
38.9800	10.446	0.056	4728.28	18.0						
39.0000	10.481	0.035	4735.48	18.0						
39.0200	10.531	0.050	4741.68	18.0						
39.0400	10.589	0.059	4751.07	18.0						
39.0600	10.627	0.038	4756.57	18.0						
39.0800	10.687	0.060	4764.17	18.0						
39.1000	10.736	0.049	4769.46	18.0						
39.1200	10.776	0.040	4773.06	18.0						
39.1400	10.868	0.092	4782.86	18.0						
39.1600	10.914	0.046	4790.26	18.0						
39.1800	10.956	0.043	4797.35	18.0						
39.2000	11.005	0.049	4804.45	18.0						
39.2200	11.043	0.037	4809.85	18.0						
39.2400	11.090	0.048	4816.95	18.0						
39.2600	11.135	0.044	4823.85	18.0						
39.2800	11.163	0.029	4827.75	18.0						
39.3000	11.208	0.045	4834.04	18.0						
39.3200	11.247	0.039	4840.94	18.0						
39.3400	11.275	0.028	4845.23	18.0						
39.3600	11.310	0.035	4851.33	18.0						
39.3800	11.332	0.022	4854.74	18.0						
39.4000	11.364	0.031	4858.84	18.0						
39.4200	11.393	0.030	4863.94	18.0						
39.4400	11.423	0.030	4868.93	18.0						
39.4600	11.449	0.026	4873.83	18.0						
39.4800	11.471	0.022	4877.42	18.0						
39.5000	11.491	0.020	4881.43	18.0						
39.5200	11.514	0.023	4885.33	18.0						
39.5400	11.533	0.019	4887.92	18.0						
39.5600	11.554	0.021	4891.12	18.0						
39.5800	11.575	0.021	4894.22	18.0						
39.6000	11.592	0.017	4896.82	18.0						
39.6200	11.615	0.023	4900.12	18.0						
39.6400	11.633	0.018	4904.41	18.0						
39.6600	11.651	0.017	4907.61	18.0						
39.6800	11.664	0.014	4910.41	18.0						
39.7000	11.685	0.021	4914.42	18.0						
39.7200	11.700	0.014	4918.32	18.0						
39.7400	11.712	0.012	4921.41	18.0						
39.7600	11.725	0.013	4924.01	18.0						
39.7800	11.739	0.013	4926.71	18.0						
39.8000	11.753	0.015	4929.80	18.0						
39.8200	11.766	0.013	4933.01	18.0						
39.8400	11.780	0.013	4935.90	18.0						
39.8600	11.789	0.009	4938.11	18.0						
39.8800	11.804	0.015	4941.00	18.0						
39.9000	11.818	0.014	4943.81	18.0						
39.9200	11.829	0.010	4946.50	18.0						
39.9400	11.840	0.012	4949.80	18.0						
39.9600	11.850	0.010	4952.00	18.0						
39.9800	11.859	0.009	4954.20	18.0						
40.0000	11.874	0.015	4958.00	18.0						
